162755
2980.96
403.429
403.429
2980.96
54.5981
403.429
403.429
403.429
403.429
1
54.5981
7.38906
7.38906
1
54.5981
54.5981
1
7.38906
7.38906
1
0.0183156
7.38906
7.38906
7.38906
7.38906
1
54.5981
0.135335
0.135335
1
54.5981
403.429
7.38906
1
1
403.429
7.38906
54.5981
54.5981
1
1
0.00247875
0.135335
1
1
0.135335
7.38906
7.38906
0.135335
1
1
7.38906
0.135335
54.5981
54.5981
1
1
0.135335
7.38906
1
1
7.38906
403.429
2980.96
54.5981
7.38906
7.38906
54.5981
1
7.38906
7.38906
403.429
403.429
1
54.5981
7.38906
7.38906
1
54.5981
1
0.0183156
0.135335
0.135335
0.0183156
0.000335463
0.135335
0.135335
7.38906
7.38906
1
54.5981
0.135335
0.135335
1
54.5981
7.38906
0.135335
0.0183156
0.0183156
7.38906
0.135335
1
1
1
1
0.00247875
0.135335
1
1
0.135335
7.38906
0.135335
0.00247875
0.0183156
0.0183156
0.135335
0.00247875
1
1
1
1
0.135335
7.38906
1
1
7.38906
403.429
403.429
7.38906
1
1
7.38906
0.135335
1
1
1
1
0.00247875
0.135335
0.0183156
0.0183156
0.00247875
0.135335
7.38906
0.135335
1
1
0.135335
0.00247875
1
1
1
1
0.135335
7.38906
0.0183156
0.0183156
0.135335
7.38906
1
0.0183156
0.00247875
0.00247875
1
0.0183156
0.135335
0.135335
0.00247875
0.00247875
6.14421e-06
0.000335463
0.00247875
0.00247875
0.000335463
0.0183156
1
0.0183156
0.135335
0.135335
1
0.0183156
7.38906
7.38906
0.135335
0.135335
0.0183156
1
0.135335
0.135335
1
54.5981
403.429
7.38906
1
1
7.38906
0.135335
1
1
54.5981
54.5981
0.135335
7.38906
1
1
0.135335
7.38906
7.38906
0.135335
1
1
0.135335
0.00247875
1
1
54.5981
54.5981
7.38906
403.429
1
1
7.38906
403.429
1
0.0183156
0.00247875
0.00247875
1
0.0183156
0.135335
0.135335
0.135335
0.135335
0.000335463
0.0183156
0.135335
0.135335
0.0183156
1
1
0.0183156
0.135335
0.135335
1
0.0183156
7.38906
7.38906
7.38906
7.38906
1
54.5981
7.38906
7.38906
54.5981
2980.96
2980.96
54.5981
7.38906
7.38906
54.5981
1
7.38906
7.38906
7.38906
7.38906
0.0183156
1
0.135335
0.135335
0.0183156
1
1
0.0183156
0.135335
0.135335
0.0183156
0.000335463
0.135335
0.135335
0.135335
0.135335
0.0183156
1
0.00247875
0.00247875
0.0183156
1
403.429
7.38906
1
1
403.429
7.38906
54.5981
54.5981
1
1
0.00247875
0.135335
1
1
0.135335
7.38906
7.38906
0.135335
1
1
7.38906
0.135335
54.5981
54.5981
1
1
0.135335
7.38906
1
1
7.38906
403.429
54.5981
1
0.135335
0.135335
1
0.0183156
0.135335
0.135335
7.38906
7.38906
0.0183156
1
0.135335
0.135335
0.0183156
1
0.0183156
0.000335463
0.00247875
0.00247875
0.000335463
6.14421e-06
0.00247875
0.00247875
0.135335
0.135335
0.0183156
1
0.00247875
0.00247875
0.0183156
1
7.38906
0.135335
0.0183156
0.0183156
7.38906
0.135335
1
1
1
1
0.00247875
0.135335
1
1
0.135335
7.38906
0.135335
0.00247875
0.0183156
0.0183156
0.135335
0.00247875
1
1
1
1
0.135335
7.38906
1
1
7.38906
403.429
403.429
7.38906
1
1
7.38906
0.135335
1
1
1
1
0.00247875
0.135335
0.0183156
0.0183156
0.00247875
0.135335
7.38906
0.135335
1
1
0.135335
0.00247875
1
1
1
1
0.135335
7.38906
0.0183156
0.0183156
0.135335
7.38906
54.5981
1
0.135335
0.135335
54.5981
1
7.38906
7.38906
0.135335
0.135335
0.000335463
0.0183156
0.135335
0.135335
0.0183156
1
54.5981
1
7.38906
7.38906
54.5981
1
403.429
403.429
7.38906
7.38906
1
54.5981
7.38906
7.38906
54.5981
2980.96
403.429
7.38906
1
1
7.38906
0.135335
1
1
54.5981
54.5981
0.135335
7.38906
1
1
0.135335
7.38906
7.38906
0.135335
1
1
0.135335
0.00247875
1
1
54.5981
54.5981
7.38906
403.429
1
1
7.38906
403.429
54.5981
1
0.135335
0.135335
54.5981
1
7.38906
7.38906
7.38906
7.38906
0.0183156
1
7.38906
7.38906
1
54.5981
54.5981
1
7.38906
7.38906
54.5981
1
403.429
403.429
403.429
403.429
54.5981
2980.96
403.429
403.429
2980.96
162755
