464
68
75
21
79
27
31
36
62
28
13
13
8
12
5
10
70
11
23
16
16
5
12
14
34
10
13
18
3
6
1
18
65
18
10
1
28
6
15
15
27
18
5
4
12
20
8
19
30
6
12
10
16
5
11
14
39
23
9
20
13
17
16
41
68
34
15
15
13
16
4
13
35
35
4
11
9
16
0
16
14
8
6
7
3
1
2
11
11
17
6
20
4
9
2
12
16
4
3
3
4
5
7
6
9
18
4
5
5
16
0
23
6
2
0
2
0
4
1
6
15
16
7
17
1
17
5
49
46
8
30
13
11
3
14
12
12
2
9
7
2
0
3
13
23
3
37
9
5
1
12
17
11
8
19
18
2
1
5
14
12
3
7
4
3
1
7
5
8
3
1
0
0
1
0
9
15
1
13
10
3
0
17
12
21
3
18
9
8
4
8
53
23
15
11
20
10
4
1
6
11
15
6
14
0
8
3
14
13
3
11
12
0
3
6
18
9
17
17
60
3
1
7
36
5
3
3
0
2
2
3
7
6
7
2
2
5
3
1
20
6
1
4
7
1
3
3
20
12
15
18
55
6
23
24
147
77
16
14
5
28
10
12
15
16
5
1
2
8
8
1
7
13
1
4
1
7
2
7
4
6
3
2
1
3
2
3
8
33
3
7
0
34
13
18
19
15
3
3
1
17
16
8
19
14
4
3
1
13
4
9
23
19
5
8
7
23
26
19
64
32
17
2
3
14
17
4
20
13
14
3
8
3
23
2
24
8
4
1
1
6
0
3
9
2
5
0
6
4
5
2
10
16
7
2
1
14
15
6
15
20
14
1
10
14
69
9
54
1
6
2
2
1
6
4
28
16
21
14
23
25
50
20
154
30
7
15
5
16
4
8
15
5
0
3
3
3
5
1
7
11
0
17
6
7
2
14
25
3
3
2
9
7
3
9
14
14
4
5
2
17
6
14
20
3
3
6
4
5
6
7
15
18
2
15
8
23
4
53
58
16
9
20
21
19
16
60
154
29
15
15
15
9
13
13
48
18
14
10
16
7
14
6
41
12
4
11
13
4
11
17
50
14
14
19
57
4
22
27
153
8
10
6
8
15
20
19
51
16
19
3
14
23
66
20
167
17
5
16
20
13
21
53
151
45
60
56
162
59
161
167
1370
