0
0
0
0
0
0
0
0
0
0
0
0
0
0
0
1
0
0
0
0
0
0
0
0
0
0
0
1
0
0
0
3
0
0
0
0
0
0
0
1
0
0
0
1
0
0
0
2
0
0
0
1
0
0
0
3
0
1
0
1
0
0
1
15
0
0
0
0
0
0
0
1
0
0
0
0
0
1
0
2
0
0
0
0
0
0
0
1
0
0
0
1
0
1
0
4
0
0
0
0
0
0
0
0
0
0
0
0
0
1
0
7
0
0
0
0
0
0
0
1
0
1
2
6
1
5
1
30
0
0
0
0
0
0
0
0
0
0
0
0
0
0
0
1
0
0
0
0
0
0
0
5
0
0
1
0
0
0
0
8
0
0
0
0
0
0
0
0
0
0
0
0
0
1
0
2
0
0
0
0
0
0
0
7
2
0
1
7
0
0
5
49
0
0
0
0
0
0
0
0
0
0
0
0
0
1
0
3
0
0
1
1
0
0
0
11
1
1
2
10
1
1
5
46
0
0
0
0
0
0
0
2
0
0
0
4
0
0
1
19
0
0
0
1
0
1
1
18
0
6
6
43
1
18
12
335
0
0
0
0
0
0
0
0
0
0
0
0
0
0
0
0
0
0
0
0
0
0
0
0
0
0
0
0
1
0
1
1
0
0
0
0
0
0
0
1
0
0
0
0
0
1
0
4
0
0
1
0
1
0
0
5
0
0
1
1
2
7
6
44
0
0
0
0
0
0
0
0
0
0
0
1
2
0
0
5
0
0
0
0
0
1
0
3
0
2
0
2
0
3
1
13
0
0
0
0
0
1
0
7
0
3
0
2
1
20
1
50
0
0
0
1
0
2
2
5
0
8
1
16
11
40
16
313
0
0
0
0
0
0
0
1
0
0
0
1
0
0
0
3
0
0
0
0
1
0
1
6
0
0
0
2
0
0
1
11
0
0
0
0
1
2
1
7
0
0
0
0
0
3
6
18
0
0
1
0
2
2
16
35
1
3
7
24
3
13
62
299
0
0
0
0
0
1
1
18
0
0
1
5
2
3
1
49
1
0
0
8
1
3
7
28
0
8
6
46
3
11
19
321
0
0
2
2
2
6
6
42
2
10
1
8
2
46
20
266
0
2
5
18
4
20
52
304
20
40
48
298
50
308
306
5686
