0.000318003
0.000995407
0.00257601
0.00528563
0.00381039
0.0045179
0.00415662
0.00347922
0.00415662
0.00611357
0.00489424
0.00844685
0.00700172
0.00700172
0.00948553
0.00528563
0.0031631
0.00795008
0.0105844
0.00895866
0.00117605
0.00528563
0.00489424
0.00286203
0.00230505
0.00528563
0.0031631
0.00489424
0.00257601
0.00230505
0.00895866
0.00489424
0.00528563
0.00611357
0.00415662
0.0031631
0.00257601
0.0045179
0.00489424
0.00700172
0.0111565
0.0129629
0.00700172
0.00795008
0.00895866
0.0129629
0.00844685
0.00611357
0.0031631
0.00655012
0.00528563
0.00158249
0.000995407
0.000543804
0.00137174
0.000995407
0.00746837
0.00381039
0.00489424
0.0045179
0.00528563
0.00286203
0.00257601
0.00180829
0.00347922
0.000543804
0.000227683
0.000995407
0.00257601
0.000679285
1.69351e-05
0.000995407
0.00204915
0.00381039
0.000995407
0.000995407
0.000152416
0.000829819
0.000543804
0.000152416
0.000152416
9.22021e-05
0.000227683
0.00117605
0.000995407
0.000679285
0.000318003
1.69351e-05
1.69351e-05
4.70419e-05
0.00158249
0.0045179
0.00528563
0.00948553
0.0100275
0.00795008
0.00611357
0.00655012
0.00230505
0.0045179
0.00655012
0.00655012
0.00204915
0.000152416
0.000318003
0.000995407
1.69351e-05
0.000227683
0.00257601
0.0031631
0.00117605
0.00415662
0.00795008
0.00746837
0.00895866
0.0117435
0.0149048
0.0129629
0.0117435
0.0142424
0.0169821
0.0162746
0.0100275
0.00489424
0.0031631
9.22021e-05
0.0031631
0.00528563
0.00655012
0.00286203
0.00204915
0.00204915
0.00489424
0.00655012
0.00415662
0.00611357
0.00137174
0.00415662
0.00257601
0.00415662
0.00158249
0.000995407
0.00286203
0.00381039
0.00746837
0.00489424
0.0031631
0.00795008
0.0031631
0.0045179
0.0117435
0.00795008
0.00746837
0.00611357
0.00948553
0.0100275
0.00528563
0.00795008
0.00844685
0.00611357
0.0105844
0.00528563
0.0045179
0.000829819
0.00158249
0.000829819
9.22021e-05
0.00158249
0.00611357
0.00257601
0.00611357
0.00948553
0.00795008
0.0123457
0.0155822
0.0169821
0.019195
0.0162746
0.0149048
0.0240271
0.0248852
0.0177047
0.0149048
0.00746837
0.00655012
0.00230505
0.00117605
0.00180829
0.00230505
1.88168e-06
0.000679285
0.00381039
0.00257601
0.000995407
0.00286203
0.00230505
0.00655012
0.00746837
0.00204915
1.88168e-06
0.000227683
0.00137174
0.00158249
0.00415662
0.00655012
0.0129629
0.0177047
0.0303496
0.0266464
0.0240271
0.0275496
0.0294012
0.0303496
0.0231841
0.0169821
0.0294012
0.0417751
0.0452073
0.0475707
0.0487749
0.0452073
0.0630155
0.0715507
0.0686454
0.0715507
0.0700906
0.077542
0.0886063
0.080628
0.0715507
0.0952599
0.098677
0.102154
0.103916
0.100408
0.118547
0.103916
0.0886063
0.107483
0.111111
0.148579
0.150702
0.140239
0.13616
0.130154
0.13616
0.120444
0.16154
0.170482
0.142302
0.163753
0.172755
0.191481
0.181998
0.179664
0.19389
0.237138
0.231824
0.231824
0.216244
0.2137
0.198752
0.189088
0.191481
0.216244
0.231824
0.211171
0.231824
0.256211
0.245222
0.216244
0.239818
0.273146
0.281817
0.273146
0.308642
0.314769
0.276021
0.270286
0.223967
0.19389
0.223967
0.221377
0.203675
0.2137
0.198752
0.198752
0.203675
0.2137
0.216244
0.203675
0.203675
0.186709
0.157159
0.130154
0.146472
0.134143
0.126225
0.13616
0.140239
0.159342
0.177346
0.175043
0.146472
0.154992
0.16154
0.150702
0.175043
0.168224
0.191481
0.2137
0.216244
0.22919
0.264611
0.305601
0.293589
0.281817
0.273146
0.281817
0.273146
0.253441
0.239818
0.208657
0.19389
0.191481
0.198752
0.172755
0.175043
0.157159
0.165981
0.159342
0.152839
0.148579
0.132141
0.134143
0.122356
0.114799
0.112948
0.138192
0.168224
0.172755
0.216244
0.181998
0.16154
0.157159
0.146472
0.150702
0.170482
0.177346
0.198752
0.208657
0.19389
0.203675
0.19389
0.198752
0.211171
0.198752
0.172755
0.181998
0.198752
0.206158
0.191481
0.184346
0.181998
0.189088
0.163753
0.181998
0.177346
0.170482
0.168224
0.146472
0.138192
0.157159
0.163753
0.152839
0.148579
0.140239
0.142302
0.154992
0.165981
0.154992
0.150702
0.170482
0.189088
0.170482
0.198752
0.203675
0.203675
0.189088
0.191481
0.184346
0.198752
0.198752
0.208657
0.245222
0.208657
0.231824
0.258996
0.218803
0.19389
0.206158
0.189088
0.201206
0.203675
0.216244
0.237138
0.239818
0.22919
0.221377
0.239818
0.239818
0.247947
0.239818
0.273146
0.296569
0.293589
0.330349
0.284737
0.302575
0.290623
0.308642
0.311698
0.317855
0.296569
0.290623
0.281817
0.258996
0.237138
0.250686
0.221377
0.273146
0.287673
0.290623
0.287673
0.273146
0.296569
0.317855
0.311698
0.359342
0.305601
0.299565
0.320956
0.299565
0.349542
0.324072
0.317855
0.302575
0.317855
0.362639
0.349542
0.362639
0.36595
0.352794
0.352794
0.336686
0.317855
0.284737
0.284737
0.290623
0.278912
0.302575
0.311698
0.317855
0.327203
0.287673
0.302575
0.311698
0.302575
0.299565
0.293589
0.320956
0.330349
0.330349
0.33351
0.352794
0.346306
0.352794
0.336686
0.305601
0.267441
0.258996
0.281817
0.314769
0.314769
0.339878
0.324072
0.327203
0.330349
0.336686
0.359342
0.302575
0.293589
0.311698
0.314769
0.305601
0.308642
0.320956
0.327203
0.302575
0.284737
0.317855
0.287673
0.264611
0.253441
0.245222
0.242512
0.234474
0.211171
0.237138
0.206158
0.221377
0.237138
0.234474
0.264611
0.305601
0.346306
0.352794
0.343084
0.324072
0.349542
0.327203
0.314769
0.33351
0.311698
0.302575
0.284737
0.308642
0.284737
0.270286
0.253441
0.234474
0.234474
0.2137
0.203675
0.203675
0.270286
0.267441
0.287673
0.267441
0.267441
0.253441
0.250686
0.270286
0.302575
0.284737
0.296569
0.311698
0.305601
0.293589
0.278912
0.278912
0.293589
0.270286
0.293589
0.296569
0.264611
0.264611
0.278912
0.311698
0.305601
0.302575
0.299565
0.327203
0.324072
0.336686
0.317855
0.308642
0.336686
0.339878
0.33351
0.339878
0.343084
0.330349
0.352794
0.336686
0.320956
0.296569
0.278912
0.299565
0.324072
0.327203
0.372619
0.352794
0.379348
0.339878
0.359342
0.420986
0.424553
0.428136
0.461058
0.438974
0.399896
0.389554
0.438974
0.472303
0.428136
0.438974
0.413895
0.410373
0.420986
0.435347
0.428136
0.406866
0.403373
0.386137
0.392986
0.379348
0.330349
0.35606
0.382735
0.396433
0.410373
0.382735
0.362639
0.339878
0.369277
0.35606
0.339878
0.349542
0.362639
0.362639
0.352794
0.362639
0.349542
0.369277
0.346306
0.349542
0.369277
0.362639
0.375976
0.392986
0.375976
0.392986
0.461058
0.464791
0.499068
0.468539
0.424553
0.392986
0.389554
0.317855
0.343084
0.352794
0.324072
0.33351
0.343084
0.343084
0.327203
0.382735
0.410373
0.399896
0.410373
0.417433
0.420986
0.449948
0.442617
0.495199
0.464791
0.476081
0.499068
0.491345
0.495199
0.483683
0.468539
0.479875
0.461058
0.453636
0.476081
0.479875
0.464791
0.499068
0.563015
0.55481
0.579603
0.542617
0.542617
0.55481
0.542617
0.538583
0.50685
0.510764
0.502951
0.534564
0.542617
0.550731
0.518637
0.522596
0.530559
0.534564
0.483683
0.45734
0.461058
0.476081
0.495199
0.487507
0.453636
0.464791
0.449948
0.510764
0.514693
0.538583
0.575434
0.567139
0.567139
0.518637
0.563015
0.579603
0.534564
0.530559
0.502951
0.542617
0.52657
0.596433
0.583788
0.596433
0.587988
0.592203
0.635181
0.643957
0.670646
0.652793
0.66169
0.670646
0.702469
0.716334
0.693302
0.730333
0.758739
0.777977
0.792564
0.777977
0.763526
0.763526
0.768328
0.777977
0.782824
0.782824
0.758739
0.768328
0.792564
0.744468
0.720985
0.739742
0.763526
0.763526
0.730333
0.711697
0.753967
0.777977
0.763526
0.758739
0.730333
0.725652
0.720985
0.725652
0.693302
0.666161
0.652793
0.626465
0.600678
0.563015
0.542617
0.575434
0.596433
0.592203
0.587988
0.583788
0.567139
0.55481
0.550731
0.571279
0.587988
0.592203
0.575434
0.613504
0.596433
0.592203
0.587988
0.587988
0.583788
0.635181
0.617809
0.626465
0.626465
0.622129
0.630815
0.643957
0.666161
0.688741
0.684194
0.702469
0.725652
0.74921
0.720985
0.716334
0.679663
0.66169
0.66169
0.670646
0.679663
0.711697
0.73503
0.768328
0.777977
0.777977
0.817176
0.777977
0.782824
0.768328
0.744468
0.744468
0.739742
0.725652
0.725652
0.74921
0.744468
0.74921
0.787687
0.787687
0.753967
0.768328
0.807286
0.782824
0.768328
0.802364
0.807286
0.797456
0.792564
0.768328
0.768328
0.773145
0.797456
0.792564
0.787687
0.763526
0.758739
0.758739
0.763526
0.773145
0.787687
0.753967
0.782824
0.787687
0.807286
0.847208
0.852266
0.847208
0.847208
0.857339
0.837137
0.802364
0.827127
0.852266
0.822144
0.807286
0.792564
0.758739
0.739742
0.763526
0.744468
0.716334
0.753967
0.827127
0.792564
0.787687
0.753967
0.744468
0.744468
0.711697
0.707076
0.716334
0.716334
0.73503
0.720985
0.730333
0.763526
0.74921
0.73503
0.753967
0.739742
0.725652
0.763526
0.773145
0.73503
0.73503
0.758739
0.73503
0.702469
0.670646
0.66169
0.675147
0.730333
0.744468
0.782824
0.792564
0.797456
0.797456
0.817176
0.787687
0.792564
0.792564
0.773145
0.753967
0.711697
0.730333
0.730333
0.688741
0.639561
0.670646
0.720985
0.725652
0.73503
0.753967
0.707076
0.670646
0.693302
0.74921
0.763526
0.744468
0.739742
0.74921
0.725652
0.675147
0.670646
0.697878
0.711697
0.684194
0.725652
0.758739
0.812224
0.812224
0.753967
0.777977
0.768328
0.768328
0.773145
0.753967
0.763526
0.773145
0.763526
0.753967
0.74921
0.730333
0.753967
0.773145
0.744468
0.697878
0.716334
0.768328
0.758739
0.773145
0.758739
0.74921
0.744468
0.773145
0.763526
0.792564
0.86753
0.832124
0.802364
0.797456
0.832124
0.822144
0.812224
0.827127
0.787687
0.797456
0.777977
0.797456
0.822144
0.832124
0.827127
0.832124
0.777977
0.792564
0.768328
0.744468
0.777977
0.787687
0.763526
0.73503
0.768328
0.787687
0.763526
0.763526
0.739742
0.744468
0.758739
0.758739
0.797456
0.812224
0.782824
0.773145
0.74921
0.773145
0.763526
0.730333
0.739742
0.744468
0.763526
