0.0031631
0.00746837
0.00746837
0.000679285
0.00230505
0.00180829
0.000152416
0.00137174
0.00347922
0.0117435
0.0155822
0.00700172
0.00655012
0.00489424
0.00489424
0.00655012
0.0105844
0.0105844
0.00347922
0.000995407
0.00117605
0.000423377
0.00137174
0.000995407
0.00180829
0.00204915
0.00230505
0.00257601
0.00700172
0.00158249
0.00286203
0.000423377
0.00158249
0.00415662
0.00286203
0.00117605
0.00347922
0.0100275
0.0162746
0.0240271
0.0266464
0.0248852
0.0177047
0.0149048
0.00895866
0.00381039
0.0031631
0.00746837
0.00230505
0.000227683
0.000227683
0.000423377
0.00611357
0.00746837
0.00158249
0.000679285
0.00204915
0.00204915
0.000152416
0.000227683
0.000227683
0.00230505
9.22021e-05
4.70419e-05
0.00137174
0.00528563
0.000679285
0.000227683
0.000543804
9.22021e-05
0.000679285
0.000543804
1.69351e-05
1.88168e-06
0.000423377
0.000543804
0.000318003
1.88168e-06
0.000543804
0.000543804
0.000423377
0.00569207
0.00844685
0.00700172
0.0135951
0.00700172
0.00415662
0.00204915
0.000679285
1.69351e-05
0.000543804
0.000227683
0.00230505
0.00347922
0.00204915
0.000318003
9.22021e-05
9.22021e-05
0.000227683
0.000995407
0.00158249
0.000679285
0.000227683
0.000152416
4.70419e-05
0.000543804
0.000318003
9.22021e-05
0.000543804
0.000679285
0.000679285
0.000227683
0.000679285
0.00137174
9.22021e-05
9.22021e-05
9.22021e-05
0.000423377
0.000318003
0.00158249
0.00347922
0.00381039
0.00180829
0.00347922
0.0031631
0.0045179
0.00137174
0.000543804
4.70419e-05
9.22021e-05
0.000227683
0.000543804
0.000995407
0.00137174
0.00347922
0.00117605
0.00204915
0.00257601
0.00569207
0.00489424
0.00528563
0.00528563
0.0045179
0.00895866
0.00528563
0.000995407
0.000995407
0.00180829
0.000318003
0.000679285
0.000829819
0.00528563
0.00655012
0.00948553
0.00655012
0.00655012
0.00137174
9.22021e-05
0.00204915
0.000318003
0.000679285
0.00415662
1.88168e-06
0.00204915
0.00381039
0.000829819
0.00381039
0.00415662
0.0169821
0.0123457
0.0184423
0.0105844
0.0111565
0.00286203
0.00257601
0.00844685
0.00895866
0.0100275
0.0111565
0.0031631
0.00415662
0.00257601
0.0045179
0.0045179
0.000423377
0.000829819
0.000318003
0.00230505
0.00257601
0.00117605
0.000423377
1.88168e-06
0.000423377
0.00137174
0.0031631
0.00700172
0.0045179
0.00347922
0.000995407
0.00158249
0.000679285
0.00415662
0.00137174
0.00204915
0.000543804
0.00489424
0.00117605
0.00948553
0.00347922
0.00204915
0.000227683
1.69351e-05
0.000543804
0.000227683
0.000679285
0.00137174
0.00204915
0.00257601
0.00180829
0.000318003
0.000995407
0.000423377
1.69351e-05
4.70419e-05
0.000829819
0.000423377
0.000318003
0.000543804
0.000227683
0.000423377
4.70419e-05
0.00117605
1.88168e-06
0.000423377
0.00746837
0.0162746
0.0129629
0.0199627
0.0135951
0.0123457
0.0135951
0.0129629
0.0123457
0.0215433
0.0169821
0.0169821
0.0248852
0.0266464
0.0199627
0.0429041
0.0550221
0.0452073
0.0475707
0.0452073
0.0475707
0.0440482
0.0524781
0.0550221
0.0284679
0.0374096
0.0452073
0.0499943
0.0672154
0.0602908
0.0821935
0.0700906
0.0524781
0.0563167
0.0384784
0.0395622
0.0524781
0.0499943
0.0602908
0.0395622
0.0487749
0.0463814
0.0563167
0.0499943
0.0463814
0.0487749
0.0537426
0.058951
0.0644004
0.0745163
0.0550221
0.0417751
0.0499943
0.0342936
0.0395622
0.0658003
0.0417751
0.0524781
0.0672154
0.0630155
0.080628
0.0630155
0.0745163
0.0644004
0.0576263
0.0550221
0.0384784
0.019195
0.0248852
0.031313
0.0384784
0.0294012
0.0463814
0.0499943
0.058951
0.0658003
0.0550221
0.0499943
0.033285
0.0177047
0.00948553
0.0129629
0.0162746
0.0257583
0.019195
0.0105844
0.0240271
0.0284679
0.0248852
0.0303496
0.0374096
0.0294012
0.0169821
0.0105844
0.0117435
0.00746837
0.0135951
0.0169821
0.0177047
0.0207455
0.033285
0.0275496
0.0266464
0.0223562
0.0322914
0.0149048
0.0240271
0.00844685
0.0105844
0.0135951
0.00700172
0.00948553
0.0162746
0.0162746
0.0142424
0.0155822
0.0303496
0.0303496
0.0275496
0.0322914
0.033285
0.0231841
0.0169821
0.0248852
0.0223562
0.0155822
0.0129629
0.019195
0.0284679
0.0275496
0.0266464
0.031313
0.0395622
0.0576263
0.0745163
0.080628
0.0644004
0.0463814
0.0417751
0.0429041
0.0417751
0.0374096
0.0475707
0.0550221
0.0616456
0.0658003
0.0935739
0.080628
0.0902471
0.0686454
0.0452073
0.0374096
0.0303496
0.0266464
0.0322914
0.0275496
0.0374096
0.0353172
0.0417751
0.0499943
0.0630155
0.080628
0.0969609
0.0745163
0.0616456
0.0602908
0.0686454
0.0672154
0.0630155
0.0429041
0.031313
0.0475707
0.0452073
0.0417751
0.0499943
0.0395622
0.031313
0.0257583
0.0257583
0.0322914
0.033285
0.0374096
0.0303496
0.0463814
0.0353172
0.058951
0.0524781
0.0487749
0.0395622
0.0231841
0.0223562
0.0248852
0.0184423
0.0105844
0.0142424
0.0129629
0.0123457
0.00746837
0.0155822
0.019195
0.019195
0.0231841
0.0284679
0.0266464
0.0440482
0.0602908
0.0406611
0.0524781
0.0672154
0.0644004
0.0760216
0.077542
0.0700906
0.0821935
0.0658003
0.0602908
0.0563167
0.0686454
0.0790775
0.0790775
0.0837741
0.107483
0.111111
0.130154
0.152839
0.120444
0.100408
0.0935739
0.107483
0.120444
0.130154
0.103916
0.134143
0.112948
0.111111
0.142302
0.152839
0.152839
0.157159
0.134143
0.118547
0.128182
0.134143
0.152839
0.118547
0.118547
0.111111
0.107483
0.126225
0.0952599
0.0837741
0.0869805
0.073026
0.0630155
0.0853698
0.0853698
0.0837741
0.0715507
0.0644004
0.0658003
0.0550221
0.0576263
0.0616456
0.077542
0.0790775
0.091903
0.0700906
0.0616456
0.0745163
0.080628
0.0745163
0.073026
0.0576263
0.0630155
0.0686454
0.0576263
0.0499943
0.0576263
0.0644004
0.0563167
0.0563167
0.0616456
0.058951
0.0537426
0.0440482
0.077542
0.0952599
0.0760216
0.0537426
0.0537426
0.0406611
0.0231841
0.0184423
0.0199627
0.033285
0.0284679
0.0257583
0.0169821
0.0240271
0.00655012
0.00528563
0.00700172
0.00611357
0.000995407
0.00569207
0.00257601
0.00655012
0.00569207
0.00528563
0.0155822
0.0169821
0.033285
0.0395622
0.0487749
0.058951
0.0686454
0.0760216
0.0869805
0.0853698
0.120444
0.124283
0.144379
0.170482
0.150702
0.157159
0.114799
0.120444
0.132141
0.118547
0.120444
0.146472
0.142302
0.140239
0.146472
0.181998
0.163753
0.16154
0.146472
0.144379
0.144379
0.132141
0.132141
0.165981
0.191481
0.189088
0.221377
0.223967
0.226571
0.208657
0.216244
0.242512
0.226571
0.181998
0.19389
0.191481
0.218803
0.245222
0.245222
0.242512
0.226571
0.237138
0.231824
0.223967
0.234474
0.239818
0.211171
0.186709
0.165981
0.165981
0.175043
0.159342
0.138192
0.120444
0.122356
0.13616
0.142302
0.13616
0.138192
0.114799
0.111111
0.103916
0.0952599
0.103916
0.13616
0.140239
0.165981
0.172755
0.177346
0.218803
0.206158
0.175043
0.181998
0.189088
0.172755
0.175043
0.196313
0.184346
0.175043
0.146472
0.157159
0.154992
0.132141
0.140239
0.116666
0.148579
0.146472
0.186709
0.2137
0.239818
0.270286
0.273146
0.239818
0.242512
0.261796
0.278912
0.247947
0.253441
0.273146
0.22919
0.256211
0.267441
0.320956
0.324072
0.35606
0.336686
0.339878
0.324072
0.281817
0.305601
0.276021
0.261796
0.293589
0.284737
0.267441
0.239818
0.242512
0.226571
0.144379
0.144379
0.114799
0.0869805
0.102154
0.107483
0.100408
0.111111
0.116666
0.130154
0.159342
0.154992
0.157159
0.172755
0.179664
0.159342
0.165981
0.168224
0.146472
0.191481
0.211171
0.242512
0.239818
0.206158
0.218803
0.206158
0.191481
0.191481
0.186709
0.184346
0.191481
0.189088
0.196313
0.211171
0.211171
0.223967
0.201206
0.223967
0.206158
0.201206
0.208657
0.218803
0.211171
0.168224
0.189088
0.208657
0.218803
0.198752
0.218803
0.196313
0.208657
0.196313
0.175043
0.172755
0.152839
0.140239
0.150702
0.13616
0.134143
0.150702
0.168224
0.19389
0.221377
0.2137
0.216244
0.2137
0.191481
0.175043
0.191481
0.184346
0.221377
0.2137
0.22919
0.239818
0.247947
0.234474
0.242512
0.247947
0.281817
0.281817
0.327203
0.343084
0.308642
0.33351
0.320956
0.299565
0.314769
0.336686
0.346306
0.36595
0.330349
0.372619
0.362639
0.35606
0.403373
0.372619
0.389554
0.396433
0.369277
0.379348
0.410373
0.417433
0.446275
0.413895
0.406866
0.406866
0.449948
0.491345
0.522596
0.491345
0.530559
0.50685
0.530559
0.542617
0.510764
0.558905
0.567139
0.587988
0.600678
0.592203
0.596433
0.575434
0.563015
0.587988
0.575434
0.583788
0.55481
0.558905
0.579603
0.575434
0.567139
0.571279
0.55481
0.542617
0.499068
0.558905
0.558905
0.52657
0.50685
0.546667
0.542617
0.609213
0.630815
0.617809
0.639561
0.666161
0.648367
0.635181
0.587988
0.626465
0.571279
0.613504
0.622129
0.626465
0.609213
0.587988
0.563015
0.510764
0.534564
0.583788
0.567139
0.587988
0.587988
0.609213
0.604938
0.542617
0.530559
0.491345
0.502951
0.487507
0.468539
0.442617
0.392986
0.413895
0.403373
0.410373
0.420986
0.410373
0.413895
0.386137
0.359342
0.362639
0.324072
0.33351
0.284737
0.293589
0.339878
0.324072
0.296569
0.290623
0.302575
0.276021
0.281817
0.281817
0.256211
0.234474
0.223967
0.216244
0.2137
0.221377
0.208657
0.218803
0.234474
0.234474
0.234474
0.221377
0.245222
0.247947
0.223967
0.239818
0.22919
0.247947
0.221377
0.203675
0.19389
0.186709
0.168224
0.148579
0.114799
0.148579
0.150702
0.148579
0.157159
0.191481
0.208657
0.189088
0.152839
0.159342
0.16154
0.184346
0.152839
0.172755
0.181998
0.165981
0.179664
0.189088
0.216244
0.223967
0.208657
0.208657
0.181998
0.247947
0.261796
0.261796
0.305601
0.336686
0.339878
0.314769
0.299565
0.302575
0.293589
0.324072
0.327203
0.293589
0.327203
0.302575
0.250686
0.250686
0.253441
0.267441
0.299565
0.273146
0.247947
0.299565
0.296569
0.264611
0.253441
0.276021
0.261796
0.239818
0.242512
0.253441
0.239818
0.290623
0.314769
0.320956
0.317855
0.305601
0.290623
0.324072
0.293589
0.261796
0.299565
0.308642
0.33351
0.296569
0.317855
0.308642
0.302575
0.293589
0.327203
0.33351
0.33351
0.389554
0.420986
0.442617
0.438974
0.461058
0.483683
0.45734
0.420986
0.413895
0.446275
0.413895
0.428136
0.413895
0.396433
0.399896
0.382735
0.428136
0.389554
0.431734
0.403373
0.399896
0.396433
0.399896
0.386137
0.349542
0.396433
0.36595
0.379348
0.343084
0.352794
0.343084
0.35606
0.369277
0.349542
0.396433
0.349542
