0.00655012
0.00381039
0.000543804
1.88168e-06
0.00158249
0.00611357
0.00415662
0.00257601
0.00381039
0.00415662
0.000995407
0.00415662
0.00381039
0.00746837
0.00844685
0.0045179
0.00180829
0.00180829
0.0135951
0.00611357
0.00611357
0.00117605
0.000679285
0.000679285
1.69351e-05
0.00286203
0.00180829
0.0117435
0.00655012
0.00347922
0.00844685
0.0142424
0.0135951
0.0155822
0.0123457
0.0135951
0.00795008
0.00746837
0.0105844
0.0100275
0.0149048
0.0111565
0.00948553
0.00746837
0.00569207
0.00844685
0.00611357
0.00700172
0.00204915
9.22021e-05
0.000423377
0.000543804
1.69351e-05
1.69351e-05
0.00204915
0.000679285
0.000543804
0.00117605
0.00286203
0.00795008
0.0199627
0.0169821
0.00746837
0.00415662
0.000543804
1.69351e-05
0.00286203
0.00569207
0.00415662
0.00257601
0.000318003
0.000543804
1.69351e-05
0.00180829
0.00117605
0.000423377
0.00286203
0.00489424
0.00257601
0.000318003
0.000227683
0.000829819
0.000318003
0.00230505
0.00700172
0.0105844
0.00795008
0.00415662
0.00746837
0.00381039
9.22021e-05
4.70419e-05
0.000423377
0.00204915
0.000543804
0.00746837
0.00415662
0.00415662
0.000679285
0.00611357
0.00137174
0.00415662
0.00137174
1.69351e-05
9.22021e-05
0.000152416
9.22021e-05
9.22021e-05
0.000423377
1.69351e-05
0.000679285
4.70419e-05
0.000423377
9.22021e-05
0.00204915
0.000227683
0.00230505
4.70419e-05
0.000152416
4.70419e-05
0.00347922
0.000543804
1.88168e-06
0.000543804
0.0031631
0.00569207
0.019195
0.0129629
0.0303496
0.0199627
0.019195
0.00489424
4.70419e-05
0.000423377
0.000318003
0.000227683
0.00180829
0.00381039
0.0117435
0.0240271
0.0207455
0.0184423
0.0248852
0.0162746
0.0395622
0.0294012
0.0275496
0.019195
0.0123457
0.0199627
0.0207455
0.0266464
0.00655012
0.00655012
0.00489424
0.00415662
0.00137174
0.00569207
0.00795008
0.00381039
0.00700172
0.000423377
9.22021e-05
0.000227683
0.0117435
0.0184423
0.0100275
0.00489424
0.00257601
9.22021e-05
0.000318003
1.69351e-05
0.000152416
0.000423377
0.000679285
0.000423377
0.000227683
0.000227683
0.00381039
0.0031631
0.000829819
0.000829819
0.0031631
0.000679285
0.00117605
0.00117605
0.000423377
1.88168e-06
0.000318003
4.70419e-05
0.000423377
0.00158249
0.000679285
0.000679285
0.00415662
0.00347922
0.000318003
0.00117605
0.0111565
0.00569207
0.00257601
0.00204915
0.00230505
0.00230505
9.22021e-05
0.00180829
0.00158249
0.0031631
0.00528563
0.00569207
0.00158249
0.00117605
0.000829819
0.000679285
0.000543804
0.000543804
0.00204915
0.00137174
9.22021e-05
0.00257601
0.0045179
0.0031631
0.00489424
0.00489424
0.0231841
0.0294012
0.0215433
0.0135951
0.0111565
1.69351e-05
0.00158249
0.000423377
0.000995407
0.00158249
0.00230505
0.00286203
0.00611357
0.00489424
0.0149048
0.00655012
0.00180829
0.00286203
0.00746837
0.0100275
0.00489424
0.00569207
0.00415662
0.00158249
0.00655012
0.0100275
0.0142424
0.0105844
0.00948553
0.00569207
0.00489424
0.00347922
0.00569207
0.000995407
0.00204915
0.00700172
0.0162746
0.0045179
0.00381039
0.00611357
0.00844685
0.00700172
0.00844685
0.00611357
0.00286203
0.00180829
0.0177047
0.0100275
0.00700172
0.0129629
0.00700172
0.00257601
0.00117605
0.000679285
0.000995407
0.0031631
0.00347922
0.000543804
9.22021e-05
4.70419e-05
0.000995407
9.22021e-05
0.00117605
0.00137174
0.000829819
0.00381039
0.00137174
0.00180829
0.0045179
0.00569207
0.0149048
0.0111565
0.00746837
0.00347922
0.00844685
0.0111565
0.000423377
9.22021e-05
0.00257601
0.0031631
0.0123457
0.0231841
0.0199627
0.0111565
0.00948553
0.0117435
0.0031631
9.22021e-05
1.88168e-06
1.69351e-05
0.000318003
0.00158249
0.000679285
0.00844685
0.00381039
0.00746837
0.00204915
0.000227683
0.000318003
9.22021e-05
0.000423377
0.000543804
1.69351e-05
0.00180829
0.00204915
0.00286203
0.00204915
0.000679285
0.00257601
0.00844685
0.0129629
0.0177047
0.00569207
0.00381039
0.00489424
0.0184423
0.0162746
0.00257601
0.00117605
0.000423377
0.000995407
0.000318003
0.000423377
0.00137174
0.000227683
0.00895866
0.0105844
0.00204915
0.0105844
0.0100275
0.00655012
0.0142424
0.00795008
0.00844685
0.00948553
0.0105844
0.00895866
0.0155822
0.0117435
0.00700172
0.000152416
0.000679285
0.00137174
1.88168e-06
0.00257601
0.00569207
0.00381039
0.000995407
0.00137174
0.00795008
0.0123457
0.0129629
0.0184423
0.0162746
0.0129629
0.0169821
0.0117435
0.00137174
0.00158249
9.22021e-05
9.22021e-05
0.000679285
9.22021e-05
1.69351e-05
0.00117605
0.000423377
9.22021e-05
0.000679285
0.000543804
0.00158249
0.00230505
0.000152416
0.000318003
0.000995407
0.000995407
0.00746837
0.0031631
0.0149048
0.0129629
0.00569207
0.00655012
0.0162746
0.0142424
0.00948553
0.0266464
0.0117435
0.0162746
0.0184423
0.0155822
0.00700172
0.0111565
0.0162746
0.00700172
0.00895866
0.00347922
0.0111565
0.0223562
0.0322914
0.0266464
0.00948553
0.00381039
0.00746837
0.00204915
0.000227683
9.22021e-05
1.69351e-05
0.00158249
0.000995407
0.000679285
1.69351e-05
9.22021e-05
9.22021e-05
0.00415662
0.00257601
0.000679285
0.00117605
0.0031631
0.0117435
0.0169821
0.0117435
0.0184423
0.0162746
0.0155822
0.0284679
0.0322914
0.0162746
0.00489424
0.00611357
0.00489424
0.0100275
0.0105844
0.00700172
0.0199627
0.0215433
0.0123457
0.0111565
0.0248852
0.0512286
0.0303496
0.033285
0.031313
0.0257583
0.00948553
0.00137174
0.0155822
0.0100275
0.0184423
0.0207455
0.00895866
0.00415662
0.00528563
0.00895866
0.0100275
0.0135951
0.00844685
0.00746837
0.000543804
0.00117605
0.000995407
0.00381039
0.00569207
0.00948553
0.00700172
0.000829819
9.22021e-05
4.70419e-05
0.000679285
0.000679285
0.00230505
0.00158249
0.00230505
0.00158249
0.00117605
0.00158249
0.00286203
0.00257601
0.000995407
0.00180829
0.0045179
0.000423377
0.000543804
0.00257601
0.0031631
0.00611357
0.00844685
0.00746837
0.00569207
0.000318003
0.000227683
0.00415662
0.00230505
0.000679285
1.69351e-05
0.0123457
0.00700172
0.00795008
0.00204915
0.0117435
0.00746837
0.00528563
0.00257601
0.00230505
0.00137174
0.00381039
0.0045179
0.00655012
0.00180829
0.00795008
0.0162746
0.0149048
0.0100275
0.0045179
0.0111565
0.00347922
0.00489424
0.000423377
0.000318003
0.000543804
0.00257601
0.00611357
0.0031631
0.00844685
0.0207455
0.0184423
0.0111565
0.0155822
0.0223562
0.0275496
0.0248852
0.0135951
0.0199627
0.00746837
0.00895866
0.0100275
0.0100275
0.00655012
0.000227683
0.00137174
0.000995407
0.0031631
0.00204915
0.00611357
0.000829819
0.00204915
0.00528563
0.00948553
0.00489424
0.00895866
0.00700172
0.0045179
0.00137174
0.0169821
0.0231841
0.0248852
0.0111565
0.0142424
0.00895866
0.033285
0.0111565
0.00230505
0.00204915
0.00230505
0.00655012
0.0199627
0.0155822
0.0100275
0.00347922
0.00489424
0.00415662
0.0111565
0.00700172
0.00286203
0.000423377
0.000679285
9.22021e-05
0.000829819
1.69351e-05
0.00137174
0.00180829
0.00528563
0.00230505
0.0031631
0.00700172
4.70419e-05
0.000318003
0.000227683
0.000152416
1.88168e-06
0.00347922
0.000995407
0.000152416
0.000679285
0.000318003
0.00117605
0.0105844
0.00948553
0.000829819
0.000318003
0.00117605
0.00117605
0.00611357
0.00347922
0.000152416
0.00286203
0.00158249
0.00117605
0.00204915
0.000318003
0.00204915
0.0135951
0.00795008
0.0248852
0.0275496
0.0257583
0.0129629
0.00895866
0.00746837
0.00381039
0.00137174
4.70419e-05
0.000318003
1.88168e-06
0.00347922
0.000995407
0.00489424
0.00381039
0.00895866
0.0031631
0.00528563
0.00795008
0.00286203
0.00180829
0.00795008
0.00700172
0.00286203
0.00528563
0.00569207
0.00569207
0.0142424
0.00746837
0.00489424
0.00655012
0.00489424
0.000318003
0.000318003
0.000995407
0.00180829
0.00700172
0.000829819
9.22021e-05
0.00204915
0.00137174
0.000318003
0.000152416
4.70419e-05
4.70419e-05
1.69351e-05
0.000423377
4.70419e-05
0.00381039
9.22021e-05
0.000423377
0.000423377
0.00528563
0.00569207
0.00347922
0.00795008
0.0105844
0.00895866
0.0105844
0.0129629
0.0111565
0.00347922
1.69351e-05
0.000995407
1.88168e-06
0.00230505
0.00286203
0.000995407
0.00844685
0.00528563
0.000423377
4.70419e-05
0.000227683
0.000423377
0.000152416
0.00137174
0.00158249
0.000995407
0.000227683
1.88168e-06
1.69351e-05
0.000995407
0.00158249
0.000679285
4.70419e-05
0.000423377
9.22021e-05
0.0031631
0.000318003
0.000152416
0.000543804
0.000152416
0.00489424
0.0111565
0.00381039
0.000318003
0.000318003
0.000995407
0.000318003
0.000829819
4.70419e-05
4.70419e-05
0.000423377
0.00257601
0.00489424
0.000829819
0.00230505
0.00746837
0.00347922
0.00286203
0.00381039
0.0199627
0.0284679
0.0207455
0.0215433
0.00844685
0.0123457
0.00844685
0.000423377
0.0031631
0.00230505
0.0100275
0.0045179
0.0105844
0.0199627
0.0223562
0.0162746
0.0248852
0.0162746
0.0100275
0.00137174
0.00381039
0.00257601
1.88168e-06
1.69351e-05
0.00611357
0.00611357
0.00230505
0.000423377
0.00415662
0.0129629
0.0169821
0.0177047
0.0111565
0.00895866
0.0142424
0.00895866
0.0275496
0.0169821
0.0275496
0.0322914
0.0266464
0.0177047
0.0294012
0.019195
0.0257583
0.0294012
0.0135951
0.00204915
0.000679285
0.000829819
0.00415662
0.00347922
0.00489424
0.0031631
0.000227683
0.00137174
0.000995407
0.000829819
0.00381039
0.00655012
0.0045179
0.00347922
0.0123457
0.00795008
0.00948553
0.00528563
0.0117435
0.0240271
0.00746837
0.000679285
9.22021e-05
0.00137174
0.00230505
0.0031631
0.00381039
0.0045179
0.00844685
0.0129629
0.0045179
0.000679285
0.000679285
0.000423377
0.00180829
0.00381039
0.00180829
0.000829819
0.00655012
0.0111565
0.00257601
0.00286203
0.000679285
0.000543804
0.00230505
0.00180829
0.000318003
0.000318003
0.00117605
0.0123457
0.0135951
0.0149048
0.0155822
0.0303496
0.0177047
0.0284679
0.0429041
0.0240271
0.00844685
0.00489424
0.00230505
0.00381039
0.00746837
0.00489424
0.00415662
0.00137174
0.000679285
0.000829819
0.0031631
0.000318003
0.000543804
0.000227683
0.000423377
0.00158249
0.00230505
0.000829819
0.000543804
4.70419e-05
0.000423377
0.000318003
0.000227683
9.22021e-05
0.000829819
0.00158249
0.00257601
0.0100275
0.00489424
0.000318003
9.22021e-05
0.00528563
0.00158249
0.000318003
1.69351e-05
0.00158249
0.000423377
1.69351e-05
0.000227683
0.00204915
0.00569207
0.00895866
0.000543804
0.000152416
0.000318003
0.000995407
0.00117605
0.00347922
0.0169821
0.0240271
0.0395622
0.0257583
0.00611357
0.000318003
0.00795008
0.00528563
0.00895866
0.00230505
0.00158249
0.00204915
9.22021e-05
0.00230505
0.000679285
0.00569207
0.00180829
0.00137174
0.000227683
0.000829819
0.00347922
0.00286203
4.70419e-05
0.000543804
0.00489424
0.0031631
0.00158249
0.000829819
0.00204915
0.0100275
0.00844685
0.0155822
0.00895866
0.0117435
0.00844685
0.00700172
0.00948553
0.00655012
0.00795008
0.00117605
0.000152416
1.88168e-06
0.000227683
0.000829819
9.22021e-05
0.000543804
0.00230505
9.22021e-05
0.000543804
0.000318003
0.000227683
0.000995407
0.00137174
0.00746837
0.0100275
0.00230505
1.88168e-06
4.70419e-05
1.69351e-05
4.70419e-05
0.0045179
0.00569207
0.00895866
0.00528563
4.70419e-05
0.00117605
0.000679285
9.22021e-05
0.0100275
0.00381039
0.0031631
0.00204915
0.00230505
0.00257601
0.00347922
0.000318003
0.00230505
0.00381039
0.0045179
0.00489424
0.0169821
0.0117435
0.00655012
0.00381039
0.00569207
0.00528563
0.0105844
0.0149048
0.00795008
1.69351e-05
0.00204915
0.0045179
0.00381039
0.000543804
9.22021e-05
0.000995407
0.00158249
0.00137174
0.00286203
0.00528563
