0.0117435
0.0155822
0.0284679
0.0284679
0.0452073
0.0342936
0.0303496
0.0417751
0.0512286
0.0550221
0.0616456
0.0686454
0.0672154
0.0715507
0.0869805
0.0935739
0.107483
0.111111
0.118547
0.124283
0.111111
0.10929
0.132141
0.150702
0.170482
0.196313
0.208657
0.186709
0.201206
0.218803
0.226571
0.221377
0.270286
0.267441
0.281817
0.296569
0.278912
0.308642
0.336686
0.339878
0.33351
0.352794
0.343084
0.35606
0.379348
0.362639
0.311698
0.317855
0.258996
0.237138
0.261796
0.278912
0.314769
0.33351
0.305601
0.343084
0.35606
0.399896
0.438974
0.417433
0.431734
0.403373
0.403373
0.410373
0.442617
0.396433
0.413895
0.491345
0.499068
0.522596
0.52657
0.542617
0.52657
0.502951
0.530559
0.514693
0.510764
0.538583
0.50685
0.522596
0.483683
0.464791
0.483683
0.499068
0.518637
0.538583
0.55481
0.542617
0.495199
0.510764
0.52657
0.534564
0.575434
0.563015
0.592203
0.596433
0.613504
0.600678
0.587988
0.567139
0.575434
0.563015
0.575434
0.538583
0.55481
0.522596
0.522596
0.499068
0.530559
0.55481
0.542617
0.510764
0.522596
0.52657
0.530559
0.495199
0.487507
0.502951
0.487507
0.518637
0.546667
0.558905
0.583788
0.630815
0.66169
0.639561
0.567139
0.604938
0.613504
0.596433
0.55481
0.55481
0.491345
0.495199
0.491345
0.530559
0.55481
0.534564
0.530559
0.550731
0.518637
0.491345
0.483683
0.487507
0.468539
0.461058
0.491345
0.522596
0.502951
0.510764
0.476081
0.476081
0.495199
0.550731
0.563015
0.546667
0.550731
0.50685
0.45734
0.487507
0.472303
0.483683
0.446275
0.472303
0.435347
0.464791
0.45734
0.464791
0.479875
0.453636
0.461058
0.417433
0.369277
0.379348
0.410373
0.396433
0.392986
0.417433
0.413895
0.386137
0.403373
0.435347
0.424553
0.424553
0.406866
0.420986
0.420986
0.410373
0.389554
0.389554
0.362639
0.379348
0.359342
0.359342
0.343084
0.403373
0.382735
0.392986
0.396433
0.369277
0.396433
0.399896
0.359342
0.382735
0.399896
0.396433
0.413895
0.369277
0.386137
0.386137
0.372619
0.375976
0.372619
0.375976
0.359342
0.349542
0.35606
0.362639
0.349542
0.287673
0.293589
0.33351
0.35606
0.396433
0.442617
0.442617
0.446275
0.491345
0.487507
0.464791
0.424553
0.379348
0.424553
0.446275
0.438974
0.413895
0.424553
0.453636
0.446275
0.483683
0.461058
0.483683
0.487507
0.538583
0.483683
0.483683
0.502951
0.424553
0.413895
0.442617
0.461058
0.483683
0.542617
0.546667
0.542617
0.502951
0.538583
0.563015
0.575434
0.583788
0.550731
0.587988
0.550731
0.530559
0.522596
0.52657
0.502951
0.550731
0.567139
0.575434
0.579603
0.55481
0.538583
0.583788
0.592203
0.563015
0.575434
0.530559
0.495199
0.563015
0.558905
0.52657
0.534564
0.542617
0.538583
0.52657
0.510764
0.52657
0.522596
0.542617
0.52657
0.514693
0.472303
0.461058
0.487507
0.438974
0.483683
0.487507
0.479875
0.438974
0.424553
0.396433
0.406866
0.379348
0.379348
0.36595
0.36595
0.311698
0.314769
0.308642
0.299565
0.330349
0.320956
0.375976
0.372619
0.382735
0.349542
0.343084
0.314769
0.336686
0.296569
0.278912
0.237138
0.237138
0.22919
0.247947
0.208657
0.191481
0.170482
0.165981
0.154992
0.146472
0.201206
0.239818
0.237138
0.218803
0.226571
0.198752
0.201206
0.2137
0.196313
0.181998
0.206158
0.226571
0.22919
0.221377
0.206158
0.231824
0.218803
0.234474
0.245222
0.242512
0.231824
0.221377
0.189088
0.191481
0.19389
0.226571
0.234474
0.216244
0.226571
0.231824
0.256211
0.242512
0.256211
0.261796
0.276021
0.281817
0.336686
0.33351
0.305601
0.330349
0.36595
0.317855
0.33351
0.336686
0.330349
0.349542
0.352794
0.349542
0.352794
0.346306
0.314769
0.258996
0.2137
0.231824
0.253441
0.221377
0.226571
0.242512
0.242512
0.290623
0.311698
0.327203
0.349542
0.349542
0.362639
0.320956
0.324072
0.317855
0.287673
0.293589
0.308642
0.314769
0.296569
0.302575
0.314769
0.330349
0.33351
0.35606
0.359342
0.349542
0.317855
0.320956
0.35606
0.327203
0.346306
0.302575
0.293589
0.317855
0.296569
0.314769
0.346306
0.359342
0.389554
0.410373
0.359342
0.382735
0.446275
0.483683
0.468539
0.472303
0.487507
0.491345
0.502951
0.55481
0.534564
0.502951
0.583788
0.571279
0.522596
0.558905
0.563015
0.530559
0.510764
0.499068
0.479875
0.472303
0.45734
0.417433
0.413895
0.339878
0.336686
0.343084
0.327203
0.372619
0.417433
0.410373
0.413895
0.431734
0.375976
0.372619
0.389554
0.413895
0.417433
0.453636
0.479875
0.479875
0.461058
0.479875
0.461058
0.468539
0.468539
0.472303
0.479875
0.468539
0.491345
0.499068
0.464791
0.431734
0.396433
0.410373
0.403373
0.372619
0.386137
0.362639
0.392986
0.343084
0.339878
0.339878
0.346306
0.359342
0.417433
0.424553
0.392986
0.438974
0.435347
0.403373
0.406866
0.417433
0.403373
0.424553
0.406866
0.396433
0.392986
0.382735
0.33351
0.317855
0.311698
0.284737
0.276021
0.253441
0.231824
0.22919
0.237138
0.22919
0.276021
0.308642
0.278912
0.247947
0.264611
0.237138
0.247947
0.239818
0.211171
0.2137
0.237138
0.216244
0.267441
0.311698
0.343084
0.346306
0.343084
0.35606
0.343084
0.375976
0.349542
0.359342
0.349542
0.339878
0.311698
0.343084
0.336686
0.346306
0.317855
0.339878
0.336686
0.308642
0.296569
0.296569
0.264611
0.264611
0.296569
0.299565
0.284737
0.302575
0.293589
0.299565
0.308642
0.336686
0.343084
0.346306
0.36595
0.33351
0.330349
0.308642
0.327203
0.314769
0.299565
0.293589
0.267441
0.250686
0.250686
0.273146
0.256211
0.223967
0.231824
0.203675
0.208657
0.191481
0.216244
0.211171
0.231824
0.221377
0.203675
0.2137
0.184346
0.163753
0.154992
0.148579
0.148579
0.154992
0.144379
0.138192
0.170482
0.177346
0.198752
0.253441
0.250686
0.250686
0.22919
0.211171
0.19389
0.198752
0.196313
0.196313
0.231824
0.231824
0.245222
0.208657
0.211171
0.203675
0.189088
0.163753
0.146472
0.126225
0.134143
0.128182
0.124283
0.0935739
0.0886063
0.102154
0.0952599
0.0686454
0.0837741
0.0790775
0.0821935
0.107483
0.140239
0.150702
0.159342
0.168224
0.175043
0.234474
0.226571
0.258996
0.267441
0.247947
0.290623
0.311698
0.330349
0.317855
0.327203
0.349542
0.35606
0.349542
0.343084
0.311698
0.327203
0.324072
0.346306
0.336686
0.349542
0.33351
0.317855
0.296569
0.290623
0.278912
0.308642
0.305601
0.314769
0.261796
0.239818
0.250686
0.226571
0.198752
0.203675
0.221377
0.221377
0.22919
0.211171
0.216244
0.201206
0.181998
0.168224
0.181998
0.181998
0.16154
0.191481
0.19389
0.181998
0.163753
0.184346
0.150702
0.184346
0.184346
0.198752
0.203675
0.218803
0.198752
0.253441
0.211171
0.203675
0.201206
0.226571
0.211171
0.218803
0.231824
0.231824
0.226571
0.201206
0.198752
0.198752
0.223967
0.22919
0.226571
0.218803
0.203675
0.231824
0.237138
0.253441
0.206158
0.226571
0.242512
0.250686
0.234474
0.245222
0.245222
0.270286
0.296569
0.284737
0.299565
0.327203
0.359342
0.379348
0.399896
0.420986
0.382735
0.396433
0.379348
0.399896
0.372619
0.382735
0.389554
0.399896
0.420986
0.382735
0.464791
0.417433
0.431734
0.392986
0.403373
0.424553
0.428136
0.446275
0.420986
0.438974
0.424553
0.406866
0.396433
0.392986
0.410373
0.392986
0.396433
0.428136
0.464791
0.472303
0.479875
0.502951
0.534564
0.530559
0.52657
0.546667
0.550731
0.563015
0.542617
0.52657
0.472303
0.438974
0.399896
0.339878
0.302575
0.299565
0.299565
0.299565
0.327203
0.284737
0.305601
0.346306
0.389554
0.339878
0.330349
0.339878
0.293589
0.293589
0.296569
0.290623
0.281817
0.320956
0.320956
0.359342
0.330349
0.33351
0.305601
0.317855
0.352794
0.389554
0.392986
0.406866
0.399896
0.410373
0.468539
0.502951
0.472303
0.502951
0.435347
0.435347
0.435347
0.406866
0.375976
0.359342
0.420986
0.442617
0.438974
0.476081
0.461058
0.502951
0.483683
0.514693
0.522596
0.468539
0.449948
0.417433
0.420986
0.420986
0.349542
0.346306
0.343084
0.379348
0.36595
0.36595
0.410373
0.403373
0.424553
0.410373
0.410373
0.349542
0.339878
0.362639
0.349542
0.386137
0.346306
0.343084
0.359342
0.343084
0.336686
0.35606
0.389554
0.45734
0.410373
0.431734
0.449948
0.468539
0.45734
0.476081
0.468539
0.495199
0.472303
0.464791
0.453636
0.468539
0.45734
0.431734
0.410373
0.406866
0.399896
0.446275
0.424553
0.382735
0.413895
0.35606
0.392986
0.362639
0.362639
0.359342
0.372619
0.362639
0.346306
0.343084
0.317855
0.339878
0.343084
0.346306
0.33351
0.278912
0.239818
0.221377
0.208657
0.211171
0.163753
0.154992
0.144379
0.150702
0.163753
0.191481
0.208657
0.2137
0.19389
0.201206
0.221377
0.237138
0.221377
0.191481
0.184346
0.181998
0.203675
0.223967
0.22919
0.206158
0.206158
0.211171
0.211171
0.191481
0.181998
0.168224
0.181998
0.144379
0.159342
0.165981
0.19389
0.208657
0.231824
0.203675
0.168224
0.19389
0.196313
0.201206
0.168224
0.172755
0.159342
0.179664
0.181998
0.208657
0.203675
0.261796
0.231824
0.19389
0.19389
0.196313
0.191481
0.196313
0.177346
0.163753
0.198752
0.191481
0.181998
0.159342
0.154992
0.150702
0.150702
0.150702
0.191481
0.19389
0.189088
0.181998
0.189088
0.191481
0.201206
0.189088
0.177346
0.184346
0.201206
0.196313
0.223967
0.186709
0.231824
0.2137
0.208657
0.189088
0.175043
0.191481
0.175043
0.170482
0.211171
0.221377
0.191481
0.177346
0.196313
0.19389
0.198752
0.223967
0.253441
0.237138
0.242512
0.226571
0.226571
0.231824
0.242512
0.253441
0.223967
0.203675
0.242512
0.247947
0.223967
0.211171
0.206158
0.208657
0.237138
0.22919
0.261796
