0.00257601
0.000995407
0.00204915
0.000543804
0.000679285
0.0031631
0.00257601
0.00415662
0.00180829
0.000543804
0.000543804
0.00158249
0.000829819
0.000679285
0.000227683
0.000543804
1.88168e-06
0.000318003
0.000227683
0.000227683
0.000152416
0.00257601
0.00286203
0.00158249
0.0105844
0.00746837
0.0111565
0.0117435
0.00611357
0.00286203
0.00528563
0.00795008
0.00611357
0.00795008
0.00655012
0.00257601
0.00158249
0.000829819
0.00180829
0.000318003
1.69351e-05
0.000829819
0.000679285
4.70419e-05
0.000152416
0.000152416
1.69351e-05
0.000227683
0.00286203
0.000679285
1.69351e-05
0.000829819
0.000423377
0.0031631
0.000227683
0.000318003
0.00230505
0.00230505
0.000995407
0.000829819
0.00117605
0.00286203
0.000152416
4.70419e-05
0.00158249
0.00286203
0.0031631
0.00204915
0.000679285
0.0045179
0.00381039
0.0031631
0.00286203
0.00204915
0.00204915
0.00204915
0.00257601
0.00655012
0.00948553
0.00948553
0.0199627
0.0266464
0.0384784
0.0303496
0.0257583
0.019195
0.0105844
0.0135951
0.00569207
0.00230505
0.00180829
0.00180829
0.000995407
0.00180829
0.00230505
0.00844685
0.00700172
0.0129629
0.0111565
0.0169821
0.00948553
0.00795008
0.0117435
0.0111565
0.00611357
0.0045179
0.00611357
0.00569207
0.00655012
0.0105844
0.0117435
0.00569207
0.00746837
0.00569207
0.00795008
0.0100275
0.0111565
0.0162746
0.0231841
0.0184423
0.0184423
0.0155822
0.019195
0.0155822
0.0162746
0.0117435
0.0142424
0.0129629
0.0129629
0.00895866
0.0105844
0.0135951
0.0162746
0.0169821
0.0184423
0.0184423
0.0177047
0.0177047
0.0162746
0.0169821
0.0142424
0.0207455
0.0257583
0.0284679
0.0240271
0.0266464
0.0275496
0.0240271
0.0162746
0.0149048
0.0169821
0.0149048
0.0169821
0.0257583
0.0248852
0.0231841
0.0284679
0.0342936
0.0384784
0.0440482
0.0374096
0.033285
0.0353172
0.0275496
0.0240271
0.033285
0.0322914
0.0384784
0.0563167
0.0644004
0.0576263
0.0644004
0.0630155
0.0790775
0.077542
0.0869805
0.091903
0.105692
0.107483
0.116666
0.112948
0.0952599
0.0745163
0.0524781
0.0537426
0.073026
0.0644004
0.058951
0.0524781
0.0550221
0.0524781
0.0475707
0.0616456
0.0869805
0.0658003
0.058951
0.0602908
0.0550221
0.0417751
0.0417751
0.031313
0.0303496
0.058951
0.0644004
0.0630155
0.0686454
0.0715507
0.0745163
0.0790775
0.080628
0.0790775
0.0760216
0.0853698
0.0902471
0.0700906
0.0902471
0.103916
0.124283
0.120444
0.102154
0.122356
0.128182
0.114799
0.126225
0.144379
0.120444
0.13616
0.134143
0.132141
0.150702
0.186709
0.208657
0.211171
0.208657
0.211171
0.179664
0.144379
0.130154
0.130154
0.142302
0.163753
0.163753
0.163753
0.140239
0.16154
0.170482
0.157159
0.142302
0.144379
0.13616
0.16154
0.138192
0.140239
0.148579
0.163753
0.152839
0.150702
0.140239
0.13616
0.146472
0.124283
0.107483
0.122356
0.146472
0.148579
0.138192
0.132141
0.114799
0.105692
0.122356
0.140239
0.128182
0.130154
0.157159
0.138192
0.157159
0.163753
0.157159
0.13616
0.134143
0.144379
0.159342
0.159342
0.157159
0.177346
0.191481
0.172755
0.175043
0.191481
0.179664
0.19389
0.184346
0.196313
0.201206
0.203675
0.201206
0.211171
0.201206
0.181998
0.189088
0.19389
0.226571
0.253441
0.261796
0.284737
0.296569
0.276021
0.261796
0.258996
0.305601
0.330349
0.33351
0.324072
0.308642
0.314769
0.311698
0.287673
0.346306
0.349542
0.362639
0.379348
0.382735
0.375976
0.359342
0.352794
0.382735
0.369277
0.379348
0.382735
0.406866
0.420986
0.431734
0.487507
0.495199
0.502951
0.483683
0.479875
0.495199
0.442617
0.438974
0.410373
0.438974
0.479875
0.495199
0.50685
0.499068
0.487507
0.464791
0.449948
0.487507
0.50685
0.495199
0.487507
0.522596
0.583788
0.617809
0.622129
0.617809
0.626465
0.626465
0.635181
0.592203
0.575434
0.563015
0.534564
0.522596
0.575434
0.538583
0.550731
0.563015
0.546667
0.52657
0.499068
0.491345
0.479875
0.491345
0.518637
0.522596
0.52657
0.534564
0.542617
0.571279
0.571279
0.613504
0.600678
0.542617
0.567139
0.579603
0.592203
0.575434
0.600678
0.596433
0.583788
0.567139
0.571279
0.587988
0.596433
0.604938
0.622129
0.635181
0.622129
0.596433
0.550731
0.530559
0.542617
0.575434
0.546667
0.546667
0.550731
0.522596
0.530559
0.510764
0.522596
0.522596
0.50685
0.518637
0.587988
0.587988
0.546667
0.534564
0.534564
0.534564
0.538583
0.550731
0.550731
0.563015
0.604938
0.666161
0.617809
0.583788
0.587988
0.563015
0.558905
0.55481
0.563015
0.558905
0.575434
0.617809
0.592203
0.579603
0.600678
0.587988
0.579603
0.600678
0.622129
0.617809
0.648367
0.684194
0.702469
0.657234
0.73503
0.707076
0.66169
0.684194
0.66169
0.688741
0.648367
0.648367
0.652793
0.679663
0.657234
0.639561
0.652793
0.670646
0.666161
0.675147
0.670646
0.66169
0.66169
0.652793
0.596433
0.592203
0.563015
0.571279
0.626465
0.613504
0.613504
0.643957
0.648367
0.670646
0.639561
0.639561
0.622129
0.635181
0.604938
0.571279
0.587988
0.592203
0.587988
0.596433
0.596433
0.571279
0.609213
0.534564
0.534564
0.476081
0.483683
0.479875
0.530559
0.579603
0.600678
0.604938
0.604938
0.583788
0.522596
0.472303
0.461058
0.468539
0.453636
0.442617
0.396433
0.438974
0.468539
0.461058
0.461058
0.438974
0.464791
0.453636
0.435347
0.468539
0.389554
0.392986
0.417433
0.403373
0.428136
0.399896
0.369277
0.382735
0.382735
0.413895
0.406866
0.389554
0.382735
0.386137
0.36595
0.382735
0.420986
0.420986
0.431734
0.431734
0.431734
0.468539
0.476081
0.438974
0.487507
0.502951
0.50685
0.461058
0.476081
0.464791
0.45734
0.464791
0.476081
0.431734
0.449948
0.461058
0.453636
0.428136
0.424553
0.442617
0.45734
0.518637
0.468539
0.476081
0.479875
0.495199
0.491345
0.50685
0.483683
0.483683
0.438974
0.392986
0.417433
0.428136
0.420986
0.435347
0.428136
0.464791
0.502951
0.476081
0.518637
0.479875
0.468539
0.453636
0.479875
0.453636
0.435347
0.410373
0.442617
0.362639
0.372619
0.372619
0.369277
0.352794
0.392986
0.382735
0.410373
0.410373
0.403373
0.392986
0.389554
0.379348
0.36595
0.36595
0.382735
0.386137
0.403373
0.379348
0.317855
0.290623
0.320956
0.35606
0.35606
0.302575
0.339878
0.35606
0.336686
0.372619
0.399896
0.410373
0.417433
0.413895
0.431734
0.446275
0.424553
0.369277
0.362639
0.314769
0.35606
0.403373
0.417433
0.372619
0.396433
0.379348
0.386137
0.362639
0.372619
0.386137
0.386137
0.382735
0.406866
0.372619
0.343084
0.299565
0.261796
0.273146
0.278912
0.320956
0.343084
0.343084
0.327203
0.317855
0.33351
0.33351
0.320956
0.305601
0.324072
0.336686
0.33351
0.314769
0.308642
0.299565
0.290623
0.287673
0.264611
0.290623
0.267441
0.278912
0.293589
0.256211
0.216244
0.211171
0.206158
0.206158
0.221377
0.239818
0.234474
0.247947
0.2137
0.198752
0.247947
0.245222
0.245222
0.256211
0.273146
0.264611
0.253441
0.256211
0.231824
0.208657
0.165981
0.186709
0.201206
0.223967
0.226571
0.221377
0.237138
0.239818
0.234474
0.216244
0.231824
0.223967
0.242512
0.231824
0.201206
0.186709
0.196313
0.226571
0.234474
0.218803
0.211171
0.242512
0.261796
0.270286
0.258996
0.284737
0.305601
0.305601
0.320956
0.33351
0.382735
0.403373
0.375976
0.379348
0.362639
0.403373
0.362639
0.336686
0.386137
0.389554
0.372619
0.410373
0.417433
0.428136
0.417433
0.417433
0.413895
0.417433
0.399896
0.420986
0.382735
0.406866
0.417433
0.399896
0.468539
0.435347
0.446275
0.420986
0.435347
0.442617
0.472303
0.449948
0.428136
0.446275
0.45734
0.438974
0.420986
0.428136
0.45734
0.472303
0.534564
0.495199
0.487507
0.461058
0.438974
0.428136
0.389554
0.431734
0.406866
0.420986
0.352794
0.35606
0.359342
0.362639
0.413895
0.428136
0.389554
0.359342
0.327203
0.320956
0.327203
0.33351
0.320956
0.327203
0.317855
0.339878
0.339878
0.339878
0.308642
0.299565
0.302575
0.314769
0.287673
0.299565
0.317855
0.278912
0.258996
0.253441
0.276021
0.273146
0.290623
0.290623
0.284737
0.290623
0.293589
0.250686
0.267441
0.237138
0.237138
0.264611
0.267441
0.290623
0.305601
0.349542
0.349542
0.35606
0.389554
0.386137
0.431734
0.461058
0.438974
0.464791
0.502951
0.522596
0.534564
0.600678
0.604938
0.643957
0.648367
0.679663
0.675147
0.657234
0.666161
0.648367
0.639561
0.648367
0.675147
0.693302
0.707076
0.716334
0.702469
0.753967
0.73503
0.768328
0.777977
0.74921
0.777977
0.763526
0.753967
0.763526
0.753967
0.725652
0.697878
0.657234
0.675147
0.648367
0.592203
0.583788
0.592203
0.530559
0.514693
0.542617
0.487507
0.495199
0.522596
0.563015
0.542617
0.50685
0.491345
0.476081
0.491345
0.538583
0.534564
0.491345
0.52657
0.491345
0.442617
0.413895
0.424553
0.399896
0.375976
0.424553
0.483683
0.479875
0.476081
0.487507
0.461058
0.495199
0.495199
0.514693
0.483683
0.45734
0.472303
0.479875
0.491345
0.487507
0.487507
0.442617
0.424553
0.449948
0.491345
0.495199
0.483683
0.461058
0.487507
0.479875
0.522596
0.424553
0.413895
0.435347
0.413895
0.431734
0.420986
0.403373
0.413895
0.464791
0.410373
0.392986
0.420986
0.392986
0.36595
0.362639
0.336686
0.276021
0.270286
0.276021
0.284737
0.270286
0.267441
0.261796
0.250686
0.245222
0.245222
0.221377
0.216244
0.221377
0.22919
0.203675
0.218803
0.223967
0.239818
0.239818
0.184346
0.223967
0.253441
0.245222
0.231824
0.245222
0.276021
0.253441
0.261796
0.278912
0.290623
0.270286
0.314769
0.281817
0.276021
0.284737
0.317855
0.261796
0.2137
0.223967
0.208657
0.223967
0.253441
0.223967
0.203675
0.2137
0.179664
0.159342
0.191481
0.208657
0.186709
0.2137
0.196313
0.196313
0.19389
0.189088
0.181998
0.196313
0.198752
0.172755
0.177346
0.175043
0.170482
0.181998
0.184346
0.203675
0.184346
0.189088
0.16154
0.150702
0.140239
0.150702
0.150702
0.132141
0.120444
0.140239
0.181998
0.170482
