0.0142424
0.0223562
0.0248852
0.0162746
0.0111565
0.0248852
0.033285
0.0342936
0.0374096
0.0207455
0.0284679
0.0215433
0.0155822
0.0100275
0.0129629
0.019195
0.0177047
0.00895866
0.0123457
0.0149048
0.0117435
0.00746837
0.00895866
0.0117435
0.0142424
0.0045179
0.00137174
0.00137174
0.000318003
0.00158249
4.70419e-05
0.000152416
0.000679285
0.000679285
0.00158249
0.000423377
0.00257601
0.000679285
0.000423377
1.88168e-06
4.70419e-05
1.69351e-05
1.88168e-06
0.000318003
0.000679285
0.000995407
0.0031631
0.00746837
0.00948553
0.00286203
0.00700172
0.00700172
0.00569207
0.0123457
0.0123457
0.0149048
0.0169821
0.0231841
0.0231841
0.0231841
0.0207455
0.0223562
0.0207455
0.0215433
0.0223562
0.0149048
0.0169821
0.0142424
0.0240271
0.031313
0.033285
0.0294012
0.0417751
0.0395622
0.0363559
0.0395622
0.0294012
0.0207455
0.0149048
0.0184423
0.0162746
0.00795008
0.0111565
0.0117435
0.0142424
0.0129629
0.0155822
0.0117435
0.0142424
0.0155822
0.0199627
0.0248852
0.0395622
0.0429041
0.0499943
0.0563167
0.073026
0.077542
0.098677
0.114799
0.103916
0.105692
0.098677
0.105692
0.111111
0.091903
0.0969609
0.10929
0.107483
0.0886063
0.0886063
0.0935739
0.0935739
0.0869805
0.100408
0.098677
0.122356
0.122356
0.116666
0.105692
0.10929
0.107483
0.105692
0.116666
0.091903
0.0869805
0.0672154
0.058951
0.0563167
0.0672154
0.073026
0.0886063
0.0821935
0.077542
0.0821935
0.0616456
0.0745163
0.0672154
0.058951
0.0616456
0.0602908
0.0745163
0.0821935
0.0969609
0.118547
0.122356
0.134143
0.140239
0.148579
0.130154
0.124283
0.130154
0.154992
0.148579
0.126225
0.105692
0.112948
0.098677
0.102154
0.114799
0.112948
0.130154
0.13616
0.128182
0.114799
0.0952599
0.118547
0.132141
0.140239
0.142302
0.128182
0.130154
0.118547
0.13616
0.142302
0.150702
0.148579
0.144379
0.134143
0.148579
0.130154
0.124283
0.140239
0.144379
0.157159
0.165981
0.132141
0.148579
0.157159
0.130154
0.130154
0.13616
0.148579
0.144379
0.140239
0.138192
0.144379
0.124283
0.10929
0.122356
0.124283
0.116666
0.122356
0.116666
0.130154
0.132141
0.142302
0.140239
0.124283
0.122356
0.144379
0.150702
0.148579
0.13616
0.16154
0.150702
0.152839
0.165981
0.172755
0.170482
0.148579
0.157159
0.13616
0.142302
0.16154
0.126225
0.118547
0.111111
0.132141
0.128182
0.150702
0.118547
0.120444
0.118547
0.120444
0.091903
0.0969609
0.105692
0.102154
0.0969609
0.100408
0.111111
0.124283
0.124283
0.118547
0.0969609
0.105692
0.0902471
0.091903
0.0952599
0.0886063
0.077542
0.0790775
0.0686454
0.0715507
0.0658003
0.0715507
0.077542
0.0969609
0.0935739
0.103916
0.118547
0.118547
0.132141
0.124283
0.124283
0.132141
0.16154
0.159342
0.157159
0.179664
0.201206
0.191481
0.201206
0.201206
0.203675
0.189088
0.184346
0.181998
0.170482
0.163753
0.152839
0.140239
0.152839
0.16154
0.184346
0.196313
0.218803
0.223967
0.2137
0.223967
0.234474
0.261796
0.247947
0.253441
0.239818
0.239818
0.247947
0.258996
0.245222
0.2137
0.223967
0.239818
0.250686
0.231824
0.231824
0.216244
0.2137
0.206158
0.189088
0.184346
0.168224
0.170482
0.177346
0.191481
0.208657
0.218803
0.226571
0.242512
0.2137
0.184346
0.170482
0.150702
0.128182
0.126225
0.13616
0.142302
0.146472
0.116666
0.120444
0.130154
0.148579
0.144379
0.152839
0.144379
0.146472
0.138192
0.138192
0.138192
0.124283
0.116666
0.114799
0.111111
0.116666
0.105692
0.0935739
0.100408
0.105692
0.102154
0.091903
0.0969609
0.0935739
0.107483
0.103916
0.098677
0.102154
0.10929
0.102154
0.122356
0.126225
0.120444
0.118547
0.132141
0.124283
0.120444
0.132141
0.134143
0.128182
0.124283
0.13616
0.124283
0.134143
0.134143
0.142302
0.132141
0.138192
0.154992
0.159342
0.159342
0.144379
0.142302
0.124283
0.128182
0.140239
0.130154
0.13616
0.150702
0.172755
0.168224
0.16154
0.175043
0.179664
0.170482
0.16154
0.179664
0.159342
0.175043
0.177346
0.177346
0.172755
0.186709
0.203675
0.186709
0.2137
0.216244
0.206158
0.201206
0.206158
0.218803
0.258996
0.242512
0.245222
0.250686
0.264611
0.281817
0.253441
0.284737
0.223967
0.226571
0.242512
0.242512
0.237138
0.2137
0.231824
0.218803
0.237138
0.231824
0.281817
0.253441
0.22919
0.231824
0.239818
0.237138
0.237138
0.247947
0.247947
0.234474
0.256211
0.261796
0.22919
0.231824
0.226571
0.231824
0.237138
0.234474
0.245222
0.239818
0.239818
0.234474
0.245222
0.261796
0.253441
0.247947
0.247947
0.264611
0.276021
0.284737
0.281817
0.287673
0.273146
0.296569
0.302575
0.305601
0.320956
0.296569
0.296569
0.305601
0.33351
0.314769
0.320956
0.317855
0.33351
0.33351
0.311698
0.290623
0.267441
0.2137
0.19389
0.186709
0.189088
0.218803
0.239818
0.245222
0.256211
0.250686
0.247947
0.270286
0.273146
0.293589
0.293589
0.314769
0.281817
0.267441
0.261796
0.247947
0.231824
0.276021
0.290623
0.290623
0.281817
0.284737
0.281817
0.287673
0.287673
0.314769
0.305601
0.290623
0.320956
0.281817
0.267441
0.278912
0.281817
0.290623
0.281817
0.253441
0.253441
0.239818
0.218803
0.247947
0.245222
0.256211
0.267441
0.270286
0.270286
0.276021
0.247947
0.250686
0.239818
0.234474
0.234474
0.247947
0.276021
0.278912
0.287673
0.290623
0.267441
0.296569
0.305601
0.324072
0.33351
0.33351
0.349542
0.317855
0.346306
0.336686
0.317855
0.320956
0.327203
0.324072
0.314769
0.343084
0.314769
0.320956
0.299565
0.317855
0.278912
0.270286
0.287673
0.284737
0.287673
0.317855
0.296569
0.296569
0.299565
0.276021
0.261796
0.281817
0.299565
0.302575
0.296569
0.287673
0.305601
0.261796
0.258996
0.264611
0.245222
0.253441
0.221377
0.2137
0.221377
0.226571
0.216244
0.223967
0.239818
0.223967
0.218803
0.245222
0.264611
0.256211
0.253441
0.221377
0.247947
0.245222
0.226571
0.242512
0.218803
0.226571
0.231824
0.234474
0.226571
0.189088
0.196313
0.19389
0.189088
0.206158
0.231824
0.237138
0.258996
0.261796
0.270286
0.327203
0.302575
0.327203
0.311698
0.305601
0.302575
0.299565
0.314769
0.278912
0.281817
0.242512
0.231824
0.201206
0.19389
0.198752
0.189088
0.208657
0.237138
0.267441
0.264611
0.218803
0.208657
0.218803
0.211171
0.189088
0.201206
0.216244
0.22919
0.216244
0.234474
0.250686
0.273146
0.247947
0.247947
0.234474
0.221377
0.223967
0.223967
0.239818
0.256211
0.245222
0.253441
0.247947
0.267441
0.256211
0.226571
0.250686
0.267441
0.253441
0.258996
0.261796
0.287673
0.267441
0.284737
0.302575
0.281817
0.261796
0.250686
0.231824
0.247947
0.253441
0.264611
0.242512
0.273146
0.264611
0.270286
0.276021
0.278912
0.296569
0.324072
0.327203
0.336686
0.346306
0.372619
0.35606
0.305601
0.284737
0.314769
0.305601
0.327203
0.346306
0.330349
0.299565
0.296569
0.302575
0.317855
0.343084
0.349542
0.392986
0.392986
0.372619
0.382735
0.389554
0.379348
0.375976
0.403373
0.389554
0.369277
0.36595
0.379348
0.36595
0.352794
0.362639
0.324072
0.320956
0.336686
0.327203
0.346306
0.327203
0.336686
0.346306
0.311698
0.302575
0.314769
0.296569
0.293589
0.320956
0.314769
0.305601
0.267441
0.250686
0.250686
0.256211
0.287673
0.290623
0.293589
0.308642
0.314769
0.33351
0.346306
0.317855
0.317855
0.302575
0.284737
0.296569
0.317855
0.346306
0.349542
0.320956
0.314769
0.359342
0.35606
0.396433
0.36595
0.417433
0.435347
0.464791
0.461058
0.453636
0.403373
0.392986
0.375976
0.396433
0.392986
0.379348
0.413895
0.442617
0.406866
0.413895
0.431734
0.453636
0.453636
0.464791
0.453636
0.45734
0.45734
0.453636
0.483683
0.476081
0.483683
0.514693
0.514693
0.510764
0.530559
0.530559
0.538583
0.546667
0.558905
0.538583
0.546667
0.583788
0.550731
0.558905
0.600678
0.587988
0.583788
0.626465
0.630815
0.648367
0.657234
0.626465
0.639561
0.657234
0.657234
0.666161
0.670646
0.675147
0.652793
0.675147
0.657234
0.675147
0.688741
0.66169
0.643957
0.626465
0.626465
0.622129
0.592203
0.596433
0.583788
0.587988
0.596433
0.622129
0.622129
0.630815
0.622129
0.592203
0.534564
0.530559
0.538583
0.534564
0.52657
0.538583
0.567139
0.542617
0.575434
0.571279
0.55481
0.600678
0.613504
0.622129
0.652793
0.666161
0.657234
0.630815
0.643957
0.626465
0.567139
0.558905
0.546667
0.550731
0.530559
0.550731
0.550731
0.499068
0.50685
0.499068
0.495199
0.479875
0.449948
0.442617
0.435347
0.403373
0.442617
0.413895
0.438974
0.461058
0.45734
0.468539
0.472303
0.491345
0.510764
0.538583
0.571279
0.567139
0.604938
0.630815
0.626465
0.55481
0.563015
0.592203
0.587988
0.571279
0.587988
0.575434
0.571279
0.546667
0.538583
0.550731
0.538583
0.558905
0.514693
0.542617
0.52657
0.546667
0.538583
0.50685
0.472303
0.461058
0.476081
0.468539
0.472303
0.479875
0.45734
0.424553
0.424553
0.417433
0.45734
0.479875
0.464791
0.472303
0.476081
0.446275
0.438974
0.479875
0.464791
0.424553
0.453636
0.461058
0.435347
0.424553
0.420986
0.431734
0.420986
0.417433
0.386137
0.389554
0.375976
0.379348
0.375976
0.382735
0.372619
0.372619
0.343084
0.33351
0.346306
0.320956
0.327203
0.362639
0.386137
0.36595
0.375976
0.375976
0.399896
0.406866
0.389554
0.392986
0.392986
0.410373
0.396433
0.389554
0.399896
0.359342
0.317855
0.33351
0.299565
0.276021
0.278912
0.276021
0.314769
0.320956
0.379348
0.362639
0.386137
0.428136
0.410373
0.428136
0.438974
0.464791
0.514693
0.52657
0.510764
0.534564
0.495199
0.514693
0.479875
0.472303
0.472303
0.468539
0.468539
0.499068
0.514693
0.52657
0.538583
0.522596
0.563015
0.571279
0.617809
0.622129
0.666161
0.675147
0.684194
0.688741
0.684194
0.697878
0.716334
0.73503
0.730333
0.73503
0.753967
