4.70419e-05
0.00528563
0.000152416
9.22021e-05
0.00180829
0.0100275
0.0162746
0.0117435
0.000829819
1.88168e-06
0.00204915
0.00415662
0.00230505
0.000152416
0.000679285
0.000152416
9.22021e-05
0.000995407
1.69351e-05
1.88168e-06
0.00257601
0.00611357
0.000423377
0.00700172
0.00158249
0.000423377
0.00137174
0.00257601
0.000995407
1.69351e-05
9.22021e-05
0.00137174
0.00655012
0.00137174
1.88168e-06
9.22021e-05
0.00180829
0.00347922
0.00137174
0.000543804
0.000829819
0.00137174
0.000995407
0.000679285
4.70419e-05
1.88168e-06
1.88168e-06
0.000543804
0.00204915
4.70419e-05
0.00137174
0.000423377
0.0031631
0.000829819
1.69351e-05
0.00381039
0.0223562
0.0417751
0.0223562
0.0162746
0.00381039
0.00347922
0.00257601
0.00948553
0.0129629
0.00795008
0.0155822
0.0215433
0.0129629
0.00700172
0.00158249
9.22021e-05
0.00117605
0.00347922
0.000423377
4.70419e-05
0.00158249
0.00948553
0.00257601
0.0031631
0.000995407
4.70419e-05
0.000543804
0.00137174
4.70419e-05
4.70419e-05
0.000543804
0.00655012
0.00489424
0.00569207
0.0135951
0.00746837
0.00286203
0.000543804
0.000152416
0.00137174
0.00795008
0.00528563
0.00489424
0.00286203
0.000423377
0.000543804
1.69351e-05
0.00286203
0.00347922
0.00700172
0.0045179
0.00158249
1.88168e-06
0.00257601
0.00230505
9.22021e-05
0.00204915
0.00700172
0.00746837
0.0100275
0.000995407
9.22021e-05
0.00347922
0.000679285
0.00381039
0.00158249
0.00528563
0.0105844
1.88168e-06
0.000152416
0.0117435
0.0184423
0.0031631
0.000829819
0.00257601
0.00117605
0.000995407
0.00137174
4.70419e-05
0.000679285
0.000227683
0.00158249
0.00528563
0.000227683
0.000423377
9.22021e-05
1.88168e-06
0.00489424
0.00569207
0.0100275
0.0031631
0.00204915
0.000227683
0.0031631
0.00746837
0.0045179
0.00415662
0.00158249
0.000318003
9.22021e-05
0.000995407
1.69351e-05
0.00137174
0.000679285
0.000995407
9.22021e-05
0.000423377
0.000152416
0.00137174
9.22021e-05
0.000318003
1.88168e-06
0.000318003
0.00137174
0.00137174
0.000995407
0.00415662
0.000227683
0.00204915
0.00415662
0.00489424
0.000995407
0.000318003
0.00489424
4.70419e-05
0.00117605
0.00158249
0.000227683
0.00528563
0.000679285
4.70419e-05
0.000423377
1.69351e-05
1.69351e-05
0.000995407
1.88168e-06
0.000829819
9.22021e-05
0.00655012
0.000423377
0.00117605
0.00611357
0.00655012
0.00895866
0.0045179
0.000829819
9.22021e-05
0.000995407
0.000829819
0.0045179
0.0031631
0.00180829
0.00286203
0.00347922
0.00347922
0.00137174
0.00204915
0.000829819
1.69351e-05
0.000152416
1.69351e-05
4.70419e-05
0.000995407
0.00158249
0.00415662
0.00230505
0.0045179
0.00286203
4.70419e-05
0.00137174
0.0129629
0.000543804
0.000318003
0.00117605
4.70419e-05
0.000227683
0.000543804
1.69351e-05
0.000318003
0.000152416
0.000543804
0.00844685
0.00381039
0.00347922
0.000152416
0.00180829
0.00158249
0.000543804
0.000423377
0.000423377
0.00158249
0.000152416
9.22021e-05
4.70419e-05
0.000318003
1.88168e-06
0.00528563
0.00286203
0.000995407
0.000995407
1.88168e-06
0.00286203
0.000995407
0.00844685
0.0100275
0.00381039
0.00286203
0.00158249
1.69351e-05
0.000679285
1.88168e-06
0.00257601
0.000543804
0.00257601
0.0045179
0.00795008
0.0100275
0.000543804
0.000679285
0.00117605
0.00381039
0.00489424
0.0223562
0.0123457
0.0135951
0.0342936
0.0142424
0.00381039
0.00415662
0.00117605
0.00180829
0.000152416
1.69351e-05
0.000543804
0.000152416
9.22021e-05
0.000995407
0.00347922
0.00611357
0.0105844
0.000995407
0.000543804
0.00415662
0.000318003
0.00158249
0.00655012
0.00180829
0.00137174
1.69351e-05
0.00158249
0.00137174
0.00795008
0.00489424
0.0031631
1.69351e-05
0.000679285
0.00230505
4.70419e-05
0.00528563
0.00844685
0.00895866
0.0045179
1.69351e-05
0.00230505
0.000995407
0.000829819
0.000152416
0.0111565
0.000152416
0.000423377
0.00381039
0.00158249
0.00528563
0.000829819
0.00844685
0.00347922
0.000152416
1.88168e-06
0.00137174
0.000679285
4.70419e-05
1.69351e-05
0.000423377
0.000152416
1.69351e-05
4.70419e-05
0.0031631
0.00257601
0.00347922
0.00569207
0.000318003
0.000995407
0.00180829
0.00117605
0.00381039
0.00347922
0.000227683
1.69351e-05
1.69351e-05
0.000423377
0.00137174
0.000318003
0.000995407
0.000318003
4.70419e-05
0.000679285
0.000995407
0.00257601
0.000318003
0.00204915
0.000423377
1.69351e-05
9.22021e-05
0.00158249
0.000227683
0.000829819
0.000679285
0.00180829
4.70419e-05
0.00347922
0.00230505
0.00528563
0.00844685
0.00528563
0.00611357
0.000679285
0.00257601
0.00795008
0.0135951
0.00257601
0.00528563
0.00204915
1.69351e-05
0.00569207
0.000543804
0.000829819
1.88168e-06
0.000829819
0.000318003
0.00611357
0.00569207
0.00700172
0.00895866
0.00381039
0.00746837
0.00746837
0.000995407
0.00611357
0.00948553
0.00655012
0.00528563
9.22021e-05
0.00137174
0.00180829
0.00347922
0.0031631
0.00117605
0.000318003
1.69351e-05
1.88168e-06
1.88168e-06
0.000423377
0.00286203
0.000679285
0.00257601
0.000829819
0.000679285
0.000423377
9.22021e-05
9.22021e-05
0.000318003
0.00489424
0.00257601
0.000152416
0.000995407
9.22021e-05
0.000679285
0.000318003
0.000152416
0.0045179
0.000829819
0.000543804
0.00137174
4.70419e-05
4.70419e-05
0.000679285
0.000543804
0.00158249
0.00257601
0.00381039
0.00137174
0.00569207
9.22021e-05
0.000152416
0.00415662
0.00611357
0.00569207
0.000543804
0.000543804
0.00381039
0.000543804
0.00158249
0.00381039
0.00611357
0.000679285
4.70419e-05
0.00347922
0.0100275
0.0100275
0.00569207
0.00257601
0.000829819
0.00137174
0.000679285
1.88168e-06
1.69351e-05
0.00381039
0.00230505
0.000679285
9.22021e-05
0.000423377
0.00117605
0.0031631
0.000543804
1.69351e-05
0.00700172
0.00611357
0.00655012
0.00948553
0.00381039
0.000227683
1.69351e-05
4.70419e-05
0.000995407
1.69351e-05
0.00230505
9.22021e-05
0.00158249
4.70419e-05
0.00137174
0.000829819
0.000679285
0.000829819
0.00489424
0.00611357
0.00746837
0.0169821
0.0117435
0.000995407
9.22021e-05
0.000543804
0.00528563
0.0117435
0.0184423
0.00230505
9.22021e-05
0.00158249
0.00158249
0.00381039
0.00381039
0.000423377
0.00180829
0.00117605
0.00180829
0.00611357
4.70419e-05
0.000227683
0.000227683
1.69351e-05
0.000995407
9.22021e-05
0.000995407
0.000152416
0.000318003
1.69351e-05
0.000679285
0.0045179
0.00158249
0.000543804
0.00230505
0.000543804
4.70419e-05
4.70419e-05
4.70419e-05
0.00286203
0.0031631
0.00948553
0.00180829
0.000829819
0.00257601
4.70419e-05
0.00158249
0.000829819
4.70419e-05
0.000423377
0.000227683
0.0031631
0.00158249
0.000318003
0.000679285
0.000318003
0.00569207
0.00655012
0.00347922
0.000995407
0.000227683
9.22021e-05
0.000227683
0.000227683
1.69351e-05
0.00117605
0.00230505
0.000679285
0.00700172
0.00569207
0.00230505
0.000318003
1.88168e-06
0.00655012
0.00895866
0.00230505
0.000829819
4.70419e-05
4.70419e-05
9.22021e-05
0.000423377
0.00230505
0.00569207
0.0031631
1.69351e-05
0.00895866
0.0031631
0.00158249
0.00286203
0.0155822
0.0223562
0.00117605
1.69351e-05
0.00381039
0.00137174
0.000152416
0.000227683
0.000152416
0.00381039
0.000995407
0.000227683
9.22021e-05
0.00158249
0.00286203
1.88168e-06
1.88168e-06
0.000152416
1.88168e-06
0.00347922
0.00286203
0.00415662
9.22021e-05
4.70419e-05
0.00381039
0.00795008
0.00286203
9.22021e-05
0.000829819
0.000829819
0.00286203
0.00746837
0.00611357
0.00655012
0.00746837
0.000995407
4.70419e-05
1.88168e-06
1.88168e-06
0.000318003
0.000829819
0.000995407
9.22021e-05
1.88168e-06
0.000227683
0.00844685
0.0162746
0.0162746
0.00948553
0.00415662
0.00746837
0.00158249
0.00230505
0.000318003
0.000152416
4.70419e-05
0.000227683
0.000318003
1.69351e-05
0.0031631
0.0117435
0.00286203
0.00286203
0.00895866
0.00180829
0.00528563
0.00528563
0.00415662
0.000829819
9.22021e-05
0.00415662
1.69351e-05
9.22021e-05
0.00746837
0.00746837
1.88168e-06
0.000152416
0.00528563
0.00569207
0.0129629
0.0142424
0.00117605
0.00895866
0.000829819
0.000318003
0.00415662
4.70419e-05
0.00204915
1.88168e-06
0.00117605
0.00415662
0.00795008
0.0045179
0.00158249
0.00611357
1.88168e-06
1.88168e-06
9.22021e-05
0.000543804
0.000152416
9.22021e-05
4.70419e-05
0.000995407
0.00137174
0.0169821
0.00746837
0.0105844
0.00746837
0.00700172
0.0105844
0.00844685
0.0100275
0.00700172
0.000318003
1.88168e-06
0.00158249
0.00137174
0.000543804
0.00117605
0.000227683
0.00158249
0.00117605
4.70419e-05
0.000152416
0.00137174
0.000227683
1.88168e-06
4.70419e-05
9.22021e-05
4.70419e-05
0.000318003
0.000543804
4.70419e-05
0.000227683
0.00117605
0.000829819
0.000318003
0.0031631
0.000423377
0.0031631
0.00137174
0.000318003
0.00286203
0.00180829
0.00700172
0.0142424
0.00381039
0.00286203
9.22021e-05
0.000318003
4.70419e-05
0.000152416
0.00257601
0.000318003
0.00137174
0.000829819
4.70419e-05
0.000829819
4.70419e-05
0.000227683
0.000543804
1.88168e-06
0.000679285
0.00895866
0.00230505
9.22021e-05
0.00117605
1.69351e-05
0.000829819
4.70419e-05
0.000227683
0.00257601
0.000318003
0.00230505
0.00415662
0.00381039
0.00180829
0.00257601
0.0031631
0.00230505
0.000543804
0.00700172
0.00117605
0.000318003
0.000227683
0.000543804
0.000829819
0.00204915
0.00204915
0.00286203
0.0031631
0.000543804
0.0129629
0.00700172
0.00257601
0.000829819
1.69351e-05
0.000995407
0.000679285
0.000679285
0.00158249
0.00286203
0.00528563
0.00844685
0.00415662
1.88168e-06
0.00117605
0.000152416
0.00117605
1.69351e-05
9.22021e-05
0.000152416
0.000543804
0.0045179
0.00257601
0.0111565
0.00569207
4.70419e-05
0.0045179
1.69351e-05
0.000423377
4.70419e-05
0.00137174
0.00895866
0.000995407
0.000227683
0.000227683
1.88168e-06
4.70419e-05
0.000543804
1.69351e-05
0.00158249
0.000152416
1.88168e-06
1.69351e-05
0.00795008
0.0045179
0.00746837
0.0045179
0.00795008
0.00180829
0.000543804
0.00347922
1.88168e-06
0.00415662
0.00655012
0.00569207
0.00611357
0.000423377
1.88168e-06
0.00180829
1.88168e-06
4.70419e-05
0.000227683
0.00415662
0.0045179
0.000543804
0.000423377
0.0045179
0.000995407
0.00569207
0.0223562
0.0129629
0.0142424
0.00611357
0.00528563
0.00569207
0.00347922
0.00204915
0.00158249
0.000423377
0.00180829
0.000423377
0.000679285
0.000829819
0.00286203
0.000543804
0.000679285
1.69351e-05
9.22021e-05
0.000423377
0.000995407
0.00158249
0.00415662
0.000423377
0.00700172
0.00347922
0.00948553
0.0155822
0.00795008
0.00158249
0.000423377
0.00204915
0.000318003
0.00286203
1.69351e-05
1.69351e-05
0.00655012
0.00569207
0.0129629
0.0117435
9.22021e-05
0.000152416
0.000227683
1.88168e-06
4.70419e-05
0.00286203
0.0169821
0.00948553
0.00489424
0.00117605
0.00180829
0.000318003
0.000152416
0.00204915
0.00347922
0.000227683
0.000829819
0.000423377
0.000829819
1.88168e-06
0.00158249
0.000227683
0.000152416
0.00117605
0.000995407
1.88168e-06
0.000679285
0.00180829
1.88168e-06
9.22021e-05
1.69351e-05
9.22021e-05
0.000227683
9.22021e-05
0.000829819
0.00117605
0.00347922
1.88168e-06
0.000152416
0.000543804
0.000152416
0.00204915
0.000995407
0.00286203
0.00180829
1.69351e-05
0.000152416
4.70419e-05
0.000543804
0.000995407
0.00611357
0.00795008
0.0129629
0.0223562
0.00700172
0.0100275
0.0100275
0.0045179
0.0111565
0.0135951
0.00611357
0.00489424
0.000543804
1.69351e-05
4.70419e-05
0.000679285
0.000829819
0.00230505
0.00655012
0.0045179
0.00180829
0.0105844
0.00795008
0.00795008
0.00569207
0.0100275
0.0177047
0.0149048
0.0045179
9.22021e-05
0.000543804
0.00180829
1.69351e-05
0.000227683
0.000318003
0.000543804
0.00180829
0.000543804
0.000227683
0.00117605
0.000227683
0.000227683
0.000152416
4.70419e-05
0.00230505
0.000227683
0.000543804
0.000543804
0.00381039
0.0111565
0.00948553
0.00286203
0.00347922
0.00257601
0.000679285
4.70419e-05
1.69351e-05
0.00117605
0.00415662
