0.00528563
0.033285
0.0363559
0.0294012
0.0342936
0.0257583
0.0275496
0.0406611
0.0576263
0.0602908
0.080628
0.0672154
0.0790775
0.0790775
0.0672154
0.080628
0.0658003
0.080628
0.103916
0.114799
0.0902471
0.0630155
0.0550221
0.0616456
0.0686454
0.058951
0.0700906
0.0821935
0.091903
0.0700906
0.0700906
0.0760216
0.0821935
0.0886063
0.111111
0.134143
0.116666
0.118547
0.114799
0.102154
0.112948
0.103916
0.146472
0.134143
0.142302
0.170482
0.152839
0.179664
0.168224
0.184346
0.175043
0.181998
0.186709
0.184346
0.186709
0.184346
0.177346
0.168224
0.146472
0.159342
0.150702
0.170482
0.154992
0.19389
0.203675
0.234474
0.287673
0.281817
0.305601
0.305601
0.33351
0.362639
0.330349
0.317855
0.35606
0.369277
0.420986
0.431734
0.468539
0.442617
0.382735
0.352794
0.339878
0.308642
0.308642
0.293589
0.242512
0.258996
0.273146
0.253441
0.242512
0.296569
0.281817
0.284737
0.256211
0.276021
0.302575
0.327203
0.311698
0.290623
0.305601
0.281817
0.287673
0.296569
0.264611
0.273146
0.256211
0.302575
0.343084
0.36595
0.343084
0.302575
0.287673
0.281817
0.290623
0.299565
0.287673
0.253441
0.237138
0.264611
0.256211
0.273146
0.273146
0.264611
0.293589
0.293589
0.276021
0.273146
0.290623
0.253441
0.258996
0.247947
0.276021
0.287673
0.273146
0.264611
0.258996
0.281817
0.276021
0.278912
0.336686
0.35606
0.369277
0.359342
0.375976
0.375976
0.311698
0.299565
0.336686
0.372619
0.372619
0.352794
0.320956
0.314769
0.352794
0.349542
0.317855
0.346306
0.336686
0.346306
0.372619
0.406866
0.410373
0.382735
0.420986
0.424553
0.403373
0.431734
0.372619
0.369277
0.424553
0.442617
0.424553
0.487507
0.499068
0.487507
0.514693
0.575434
0.596433
0.55481
0.550731
0.502951
0.538583
0.522596
0.583788
0.571279
0.558905
0.575434
0.575434
0.542617
0.55481
0.518637
0.530559
0.534564
0.583788
0.592203
0.563015
0.558905
0.538583
0.522596
0.510764
0.538583
0.550731
0.575434
0.550731
0.542617
0.563015
0.587988
0.579603
0.563015
0.579603
0.592203
0.558905
0.596433
0.635181
0.648367
0.639561
0.604938
0.55481
0.571279
0.613504
0.596433
0.518637
0.510764
0.491345
0.50685
0.499068
0.514693
0.491345
0.518637
0.495199
0.52657
0.575434
0.592203
0.617809
0.587988
0.626465
0.66169
0.622129
0.604938
0.600678
0.609213
0.622129
0.675147
0.626465
0.657234
0.622129
0.657234
0.635181
0.604938
0.609213
0.596433
0.609213
0.596433
0.635181
0.587988
0.546667
0.575434
0.600678
0.622129
0.630815
0.639561
0.643957
0.675147
0.66169
0.684194
0.66169
0.652793
0.639561
0.626465
0.679663
0.630815
0.626465
0.613504
0.583788
0.596433
0.592203
0.592203
0.567139
0.567139
0.534564
0.514693
0.491345
0.495199
0.502951
0.510764
0.499068
0.530559
0.534564
0.45734
0.468539
0.479875
0.461058
0.518637
0.483683
0.522596
0.514693
0.550731
0.604938
0.596433
0.630815
0.613504
0.617809
0.675147
0.666161
0.684194
0.697878
0.684194
0.684194
0.679663
0.679663
0.702469
0.675147
0.657234
0.702469
0.697878
0.684194
0.688741
0.693302
0.670646
0.702469
0.702469
0.711697
0.684194
0.688741
0.679663
0.693302
0.693302
0.66169
0.697878
0.693302
0.684194
0.639561
0.648367
0.679663
0.702469
0.675147
0.657234
0.635181
0.600678
0.613504
0.592203
0.571279
0.583788
0.579603
0.575434
0.587988
0.587988
0.613504
0.563015
0.571279
0.567139
0.542617
0.542617
0.491345
0.45734
0.472303
0.449948
0.453636
0.424553
0.399896
0.424553
0.403373
0.379348
0.403373
0.410373
0.438974
0.413895
0.428136
0.449948
0.442617
0.461058
0.403373
0.386137
0.369277
0.352794
0.320956
0.343084
0.349542
0.35606
0.406866
0.389554
0.379348
0.410373
0.399896
0.435347
0.468539
0.491345
0.522596
0.55481
0.522596
0.495199
0.518637
0.538583
0.518637
0.546667
0.558905
0.563015
0.563015
0.558905
0.502951
0.45734
0.449948
0.476081
0.476081
0.491345
0.530559
0.546667
0.534564
0.518637
0.530559
0.542617
0.502951
0.472303
0.491345
0.538583
0.579603
0.600678
0.613504
0.635181
0.648367
0.643957
0.639561
0.626465
0.639561
0.670646
0.657234
0.639561
0.613504
0.66169
0.670646
0.725652
0.702469
0.720985
0.657234
0.670646
0.711697
0.744468
0.711697
0.702469
0.711697
0.758739
0.697878
0.657234
0.657234
0.679663
0.648367
0.643957
0.670646
0.643957
0.725652
0.648367
0.635181
0.643957
0.670646
0.666161
0.670646
0.66169
0.716334
0.679663
0.639561
0.626465
0.617809
0.622129
0.679663
0.693302
0.66169
0.657234
0.679663
0.711697
0.716334
0.675147
0.652793
0.652793
0.666161
0.643957
0.609213
0.635181
0.639561
0.630815
0.622129
0.666161
0.679663
0.66169
0.643957
0.604938
0.613504
0.626465
0.652793
0.657234
0.666161
0.630815
0.630815
0.609213
0.639561
0.630815
0.613504
0.596433
0.55481
0.55481
0.558905
0.518637
0.495199
0.542617
0.583788
0.571279
0.596433
0.604938
0.596433
0.579603
0.563015
0.502951
0.538583
0.538583
0.55481
0.542617
0.563015
0.592203
0.546667
0.550731
0.563015
0.583788
0.604938
0.596433
0.613504
0.604938
0.630815
0.693302
0.697878
0.73503
0.758739
0.670646
0.635181
0.66169
0.617809
0.600678
0.575434
0.571279
0.518637
0.587988
0.587988
0.609213
0.666161
0.666161
0.657234
0.679663
0.622129
0.648367
0.675147
0.648367
0.684194
0.675147
0.679663
0.707076
0.707076
0.753967
0.787687
0.802364
0.812224
0.857339
0.862427
0.86753
0.893271
0.88293
0.888093
0.88293
0.827127
0.812224
0.787687
0.782824
0.753967
0.773145
0.777977
0.797456
0.822144
0.812224
0.802364
0.792564
0.837137
0.822144
0.797456
0.817176
0.842165
0.857339
0.847208
0.832124
0.832124
0.797456
0.802364
0.773145
0.763526
0.730333
0.739742
0.730333
0.797456
0.827127
0.817176
0.827127
0.842165
0.852266
0.817176
0.802364
0.802364
0.802364
0.797456
0.773145
0.773145
0.763526
0.739742
0.763526
0.744468
0.744468
0.707076
0.711697
0.73503
0.670646
0.675147
0.675147
0.702469
0.652793
0.675147
0.639561
0.670646
0.702469
0.679663
0.707076
0.66169
0.693302
0.697878
0.693302
0.693302
0.707076
0.730333
0.768328
0.763526
0.74921
0.730333
0.73503
0.725652
0.74921
0.74921
0.782824
0.753967
0.730333
0.720985
0.697878
0.716334
0.702469
0.693302
0.739742
0.74921
0.739742
0.716334
0.73503
0.777977
0.827127
0.822144
0.802364
0.773145
0.773145
0.744468
0.74921
0.782824
0.777977
0.73503
0.725652
0.73503
0.744468
0.730333
0.639561
0.592203
0.538583
0.538583
0.546667
0.514693
0.514693
0.499068
0.472303
0.510764
0.522596
0.550731
0.483683
0.449948
0.479875
0.483683
0.52657
0.534564
0.534564
0.538583
0.550731
0.575434
0.538583
0.479875
0.483683
0.464791
0.420986
0.438974
0.386137
0.35606
0.399896
0.442617
0.495199
0.522596
0.479875
0.534564
0.50685
0.558905
0.550731
0.550731
0.587988
0.563015
0.538583
0.563015
0.596433
0.609213
0.630815
0.596433
0.538583
0.558905
0.600678
0.546667
0.495199
0.499068
0.476081
0.514693
0.50685
0.502951
0.453636
0.476081
0.487507
0.52657
0.55481
0.583788
0.609213
0.604938
0.666161
0.693302
0.688741
0.675147
0.670646
0.684194
0.670646
0.697878
0.702469
0.697878
0.666161
0.622129
0.630815
0.626465
0.635181
0.66169
0.670646
0.643957
0.675147
0.643957
0.635181
0.643957
0.639561
0.675147
0.635181
0.648367
0.639561
0.617809
0.657234
0.652793
0.688741
0.720985
0.697878
0.635181
0.666161
0.666161
0.639561
0.587988
0.604938
0.648367
0.675147
0.697878
0.684194
0.688741
0.652793
0.711697
0.716334
0.758739
0.773145
0.787687
0.753967
0.720985
0.702469
0.707076
0.688741
0.666161
0.630815
0.617809
0.688741
0.716334
0.730333
0.753967
0.744468
0.702469
0.702469
0.670646
0.684194
0.693302
0.684194
0.675147
0.679663
0.739742
0.720985
0.730333
0.74921
0.773145
0.787687
0.768328
0.787687
0.807286
0.797456
0.782824
0.797456
0.758739
0.782824
0.763526
0.707076
0.693302
0.66169
0.670646
0.648367
0.600678
0.609213
0.617809
0.575434
0.558905
0.583788
0.600678
0.609213
0.55481
0.499068
0.52657
0.50685
0.522596
0.592203
0.571279
0.575434
0.502951
0.52657
0.461058
0.487507
0.417433
0.413895
0.420986
0.410373
0.453636
0.479875
0.45734
0.403373
0.476081
0.530559
0.546667
0.558905
0.491345
0.50685
0.491345
0.522596
0.491345
0.514693
0.483683
0.510764
0.483683
0.453636
0.468539
0.446275
0.435347
0.461058
0.435347
0.435347
0.424553
0.410373
0.372619
0.349542
0.362639
0.389554
0.35606
0.420986
0.413895
0.399896
0.382735
0.438974
0.453636
0.487507
0.495199
0.491345
0.50685
0.538583
0.538583
0.522596
0.55481
0.538583
0.567139
0.558905
0.538583
0.499068
0.483683
0.522596
0.499068
0.514693
0.487507
0.449948
0.483683
0.453636
0.479875
0.468539
0.461058
0.442617
0.45734
0.472303
0.461058
0.487507
0.510764
0.472303
0.472303
0.464791
0.431734
0.449948
0.45734
0.45734
0.472303
0.428136
0.399896
0.379348
0.389554
0.372619
0.389554
0.399896
0.428136
0.417433
0.386137
0.386137
0.403373
0.382735
0.413895
0.413895
0.428136
0.435347
0.396433
0.389554
0.417433
0.389554
0.399896
0.389554
0.349542
0.362639
0.362639
0.35606
0.35606
0.346306
0.346306
0.369277
0.375976
0.392986
0.396433
0.343084
0.369277
0.389554
0.375976
0.36595
0.349542
0.375976
0.349542
0.339878
0.339878
0.339878
0.346306
0.336686
0.330349
0.359342
0.36595
0.382735
0.362639
0.396433
0.399896
0.349542
0.362639
0.372619
0.375976
0.36595
0.349542
0.35606
0.399896
0.399896
0.36595
0.339878
0.305601
0.327203
0.36595
0.36595
0.339878
0.35606
0.36595
0.372619
0.396433
0.382735
