0.00844685
0.00257601
0.0031631
0.00844685
0.00180829
0.00158249
1.69351e-05
0.000423377
9.22021e-05
0.000679285
0.00204915
0.00180829
0.00204915
0.00204915
0.00569207
0.00528563
0.00569207
0.00347922
0.00117605
0.00204915
0.000995407
0.00204915
0.00489424
0.00655012
0.0135951
0.0169821
0.0215433
0.0215433
0.0240271
0.031313
0.0303496
0.0353172
0.0384784
0.0395622
0.033285
0.0342936
0.0342936
0.0240271
0.0266464
0.0417751
0.0417751
0.0342936
0.0284679
0.0257583
0.019195
0.0231841
0.019195
0.033285
0.0248852
0.0231841
0.0303496
0.0240271
0.0135951
0.0129629
0.0111565
0.0135951
0.0248852
0.0215433
0.0155822
0.019195
0.0177047
0.0223562
0.0223562
0.033285
0.0395622
0.0363559
0.0374096
0.0294012
0.0363559
0.0475707
0.0322914
0.0322914
0.0322914
0.0223562
0.0266464
0.0123457
0.0129629
0.00795008
0.0199627
0.0155822
0.0129629
0.0135951
0.0135951
0.0155822
0.0162746
0.0303496
0.0275496
0.0223562
0.0248852
0.0184423
0.0231841
0.0275496
0.0231841
0.0184423
0.0240271
0.0169821
0.0162746
0.0215433
0.0215433
0.019195
0.0149048
0.0105844
0.0155822
0.0169821
0.0223562
0.0223562
0.0207455
0.0266464
0.0248852
0.0303496
0.0353172
0.0429041
0.0417751
0.0452073
0.0475707
0.0475707
0.0630155
0.077542
0.0869805
0.0644004
0.0715507
0.0745163
0.073026
0.0869805
0.0686454
0.0760216
0.0715507
0.0790775
0.0745163
0.0715507
0.0853698
0.0886063
0.0821935
0.0886063
0.0952599
0.0952599
0.0853698
0.0760216
0.0869805
0.0969609
0.0686454
0.077542
0.0821935
0.0658003
0.0499943
0.0406611
0.0417751
0.0342936
0.0406611
0.0240271
0.0215433
0.0266464
0.031313
0.0417751
0.0487749
0.0417751
0.0487749
0.0524781
0.0524781
0.0487749
0.0512286
0.0417751
0.0353172
0.0284679
0.0240271
0.0353172
0.0284679
0.0248852
0.0275496
0.0199627
0.0231841
0.0248852
0.0199627
0.0207455
0.0275496
0.0215433
0.0275496
0.0223562
0.0149048
0.0142424
0.0149048
0.0123457
0.0105844
0.0149048
0.0223562
0.0215433
0.0240271
0.0374096
0.0374096
0.0322914
0.0215433
0.0215433
0.0303496
0.0374096
0.0406611
0.0384784
0.0275496
0.0322914
0.0374096
0.0417751
0.0452073
0.0463814
0.0322914
0.0215433
0.019195
0.0184423
0.033285
0.0322914
0.0342936
0.0257583
0.0322914
0.0353172
0.0284679
0.0215433
0.0363559
0.033285
0.0374096
0.0406611
0.0658003
0.0837741
0.111111
0.120444
0.122356
0.112948
0.112948
0.118547
0.118547
0.128182
0.130154
0.132141
0.130154
0.126225
0.124283
0.126225
0.124283
0.148579
0.16154
0.181998
0.170482
0.159342
0.150702
0.142302
0.172755
0.172755
0.175043
0.172755
0.148579
0.126225
0.118547
0.140239
0.146472
0.170482
0.172755
0.170482
0.170482
0.196313
0.211171
0.216244
0.208657
0.226571
0.198752
0.203675
0.218803
0.218803
0.2137
0.239818
0.216244
0.239818
0.253441
0.239818
0.267441
0.290623
0.278912
0.308642
0.284737
0.267441
0.256211
0.281817
0.302575
0.305601
0.324072
0.349542
0.372619
0.35606
0.343084
0.346306
0.369277
0.410373
0.413895
0.428136
0.438974
0.442617
0.472303
0.510764
0.583788
0.587988
0.575434
0.575434
0.592203
0.579603
0.534564
0.52657
0.52657
0.518637
0.52657
0.583788
0.571279
0.592203
0.617809
0.622129
0.639561
0.635181
0.567139
0.546667
0.538583
0.550731
0.546667
0.550731
0.542617
0.502951
0.483683
0.461058
0.461058
0.476081
0.468539
0.468539
0.468539
0.45734
0.479875
0.449948
0.476081
0.476081
0.449948
0.472303
0.50685
0.483683
0.476081
0.461058
0.510764
0.514693
0.530559
0.550731
0.546667
0.522596
0.530559
0.571279
0.609213
0.635181
0.617809
0.657234
0.657234
0.684194
0.711697
0.697878
0.707076
0.711697
0.739742
0.725652
0.730333
0.74921
0.744468
0.758739
0.730333
0.74921
0.73503
0.697878
0.657234
0.609213
0.626465
0.652793
0.630815
0.626465
0.630815
0.600678
0.592203
0.558905
0.530559
0.571279
0.567139
0.546667
0.563015
0.542617
0.596433
0.604938
0.596433
0.609213
0.609213
0.583788
0.630815
0.617809
0.684194
0.670646
0.657234
0.684194
0.716334
0.730333
0.702469
0.716334
0.758739
0.768328
0.744468
0.744468
0.768328
0.768328
0.777977
0.797456
0.768328
0.782824
0.802364
0.782824
0.773145
0.812224
0.812224
0.807286
0.822144
0.832124
0.852266
0.862427
0.852266
0.86753
0.822144
0.847208
0.822144
0.822144
0.802364
0.768328
0.74921
0.777977
0.787687
0.792564
0.802364
0.777977
0.792564
0.807286
0.832124
0.822144
0.862427
0.832124
0.812224
0.812224
0.792564
0.768328
0.807286
0.832124
0.837137
0.847208
0.822144
0.802364
0.807286
0.812224
0.802364
0.802364
0.787687
0.782824
0.787687
0.817176
0.802364
0.792564
0.773145
0.802364
0.817176
0.817176
0.807286
0.842165
0.86753
0.893271
0.857339
0.877781
0.877781
0.852266
0.852266
0.86753
0.898465
0.86753
0.827127
0.822144
0.773145
0.782824
0.822144
0.787687
0.822144
0.812224
0.827127
0.817176
0.777977
0.777977
0.777977
0.739742
0.832124
0.822144
0.807286
0.822144
0.827127
0.817176
0.802364
0.787687
0.763526
0.802364
0.847208
0.872648
0.862427
0.88293
0.837137
0.807286
0.787687
0.812224
0.817176
0.842165
0.862427
0.857339
0.857339
0.877781
0.842165
0.847208
0.857339
0.832124
0.777977
0.753967
0.777977
0.768328
0.768328
0.773145
0.807286
0.792564
0.792564
0.753967
0.693302
0.643957
0.684194
0.716334
0.707076
0.768328
0.763526
0.74921
0.792564
0.73503
0.763526
0.777977
0.792564
0.782824
0.812224
0.812224
0.792564
0.777977
0.773145
0.777977
0.802364
0.763526
0.802364
0.792564
0.787687
0.787687
0.763526
0.822144
0.817176
0.832124
0.802364
0.827127
0.817176
0.812224
0.852266
0.842165
0.822144
0.817176
0.842165
0.827127
0.847208
0.862427
0.837137
0.852266
0.877781
0.872648
0.86753
0.847208
0.847208
0.847208
0.852266
0.847208
0.842165
0.857339
0.898465
0.898465
0.893271
0.86753
0.888093
0.914135
0.898465
0.888093
0.898465
0.88293
0.88293
0.877781
0.862427
0.86753
0.857339
0.857339
0.872648
0.857339
0.842165
0.857339
0.898465
0.877781
0.872648
0.86753
0.86753
0.88293
0.86753
0.893271
0.898465
0.88293
0.872648
0.862427
0.877781
0.877781
0.852266
0.847208
0.817176
0.847208
0.777977
0.822144
0.812224
0.787687
0.768328
0.787687
0.787687
0.822144
0.837137
0.837137
0.872648
0.872648
0.86753
0.893271
0.862427
0.898465
0.88293
0.888093
0.86753
0.862427
0.857339
0.822144
0.802364
0.832124
0.817176
0.782824
0.73503
0.768328
0.753967
0.802364
0.797456
0.768328
0.73503
0.716334
0.768328
0.744468
0.720985
0.73503
0.720985
0.707076
0.716334
0.693302
0.720985
0.707076
0.693302
0.688741
0.716334
0.744468
0.739742
0.744468
0.758739
0.773145
0.797456
0.768328
0.782824
0.832124
0.837137
0.807286
0.842165
0.802364
0.847208
0.857339
0.862427
0.847208
0.832124
0.817176
0.837137
0.812224
0.817176
0.817176
0.802364
0.802364
0.787687
0.782824
0.753967
0.777977
0.773145
0.768328
0.763526
0.753967
0.73503
0.744468
0.744468
0.768328
0.777977
0.763526
0.744468
0.74921
0.773145
0.777977
0.792564
0.807286
0.782824
0.832124
0.877781
0.857339
0.822144
0.792564
0.792564
0.773145
0.716334
0.744468
0.73503
0.739742
0.773145
0.777977
0.792564
0.739742
0.739742
0.753967
0.807286
0.782824
0.773145
0.792564
0.797456
0.812224
0.852266
0.832124
0.802364
0.768328
0.792564
0.812224
0.837137
0.807286
0.782824
0.763526
0.763526
0.768328
0.817176
0.807286
0.773145
0.797456
0.787687
0.768328
0.782824
0.777977
0.807286
0.862427
0.86753
0.832124
0.852266
0.812224
0.797456
0.807286
0.787687
0.782824
0.768328
0.758739
0.768328
0.773145
0.744468
0.74921
0.73503
0.768328
0.768328
0.768328
0.720985
0.702469
0.670646
0.635181
0.648367
0.688741
0.657234
0.670646
0.675147
0.679663
0.720985
0.739742
0.768328
0.822144
0.837137
0.852266
0.837137
0.832124
0.802364
0.797456
0.837137
0.837137
0.862427
0.862427
0.862427
0.86753
0.842165
0.812224
0.797456
0.812224
0.872648
0.872648
0.842165
0.807286
0.812224
0.842165
0.817176
0.827127
0.792564
0.782824
0.768328
0.797456
0.792564
0.797456
0.787687
0.744468
0.725652
0.720985
0.73503
0.73503
0.702469
0.702469
0.702469
0.702469
0.730333
0.802364
0.758739
0.768328
0.787687
0.74921
0.763526
0.782824
0.777977
0.822144
0.862427
0.872648
0.837137
0.862427
0.847208
0.842165
0.857339
0.847208
0.872648
0.807286
0.797456
0.782824
0.744468
0.758739
0.773145
0.797456
0.832124
0.817176
0.822144
0.827127
0.807286
0.782824
0.797456
0.802364
0.787687
0.807286
0.817176
0.763526
0.782824
0.782824
0.753967
0.758739
0.758739
0.730333
0.73503
0.725652
0.711697
0.707076
0.688741
0.679663
0.652793
0.684194
0.675147
0.652793
0.666161
0.622129
0.635181
0.639561
0.592203
0.613504
0.550731
0.567139
0.587988
0.583788
0.579603
0.596433
0.596433
0.600678
0.596433
0.596433
0.600678
0.617809
0.630815
0.684194
0.697878
0.711697
0.74921
0.758739
0.768328
0.787687
0.822144
0.817176
0.787687
0.782824
0.773145
0.768328
0.768328
0.797456
0.792564
0.777977
0.744468
0.720985
0.679663
0.73503
0.74921
0.768328
0.777977
0.782824
0.758739
0.753967
0.763526
0.74921
0.744468
0.74921
0.768328
0.753967
0.73503
0.758739
0.782824
0.773145
0.758739
0.777977
0.74921
0.711697
0.739742
0.716334
0.725652
0.730333
0.702469
0.716334
0.707076
0.716334
0.675147
0.666161
0.684194
0.684194
0.684194
0.697878
0.716334
0.702469
0.693302
0.693302
0.657234
0.688741
0.707076
0.688741
0.675147
0.66169
0.693302
0.730333
0.744468
0.730333
0.753967
0.739742
0.758739
0.768328
0.773145
0.792564
0.837137
0.802364
0.822144
0.817176
0.827127
0.797456
0.807286
0.852266
0.852266
0.86753
0.86753
0.877781
0.857339
0.852266
0.822144
0.837137
0.812224
0.837137
0.827127
0.822144
0.822144
0.822144
0.842165
0.807286
