0.000543804
0.00180829
0.000679285
1.88168e-06
0.000152416
0.000227683
9.22021e-05
0.00158249
0.00180829
0.00257601
0.00611357
0.0149048
0.0162746
0.0135951
0.00746837
0.00895866
0.0155822
0.0117435
0.0275496
0.0294012
0.033285
0.0199627
0.0231841
0.0266464
0.0353172
0.0452073
0.0395622
0.0257583
0.0207455
0.0266464
0.0294012
0.0199627
0.0111565
0.0135951
0.00611357
0.00844685
0.0105844
0.0149048
0.0117435
0.0117435
0.0149048
0.0231841
0.0215433
0.0363559
0.0248852
0.0240271
0.0294012
0.0240271
0.0248852
0.019195
0.0117435
0.0177047
0.0111565
0.0117435
0.0123457
0.00415662
0.0105844
0.00795008
0.00569207
0.0135951
0.0162746
0.0169821
0.0135951
0.00895866
0.00948553
0.0207455
0.0199627
0.0184423
0.0257583
0.0231841
0.0322914
0.0322914
0.0303496
0.0284679
0.0322914
0.031313
0.0284679
0.0231841
0.0240271
0.019195
0.0199627
0.0199627
0.0248852
0.0303496
0.0284679
0.0240271
0.0248852
0.0266464
0.0223562
0.0240271
0.0248852
0.0248852
0.0240271
0.019195
0.0231841
0.0177047
0.0169821
0.0135951
0.019195
0.0155822
0.0142424
0.0215433
0.0199627
0.0184423
0.0184423
0.0353172
0.0406611
0.0406611
0.0475707
0.0499943
0.0576263
0.0686454
0.0658003
0.0760216
0.073026
0.080628
0.0969609
0.100408
0.112948
0.102154
0.124283
0.116666
0.122356
0.126225
0.120444
0.10929
0.098677
0.102154
0.112948
0.112948
0.132141
0.148579
0.150702
0.126225
0.118547
0.118547
0.130154
0.105692
0.102154
0.098677
0.105692
0.0952599
0.0902471
0.0869805
0.0886063
0.107483
0.103916
0.0952599
0.098677
0.122356
0.112948
0.103916
0.122356
0.107483
0.10929
0.116666
0.100408
0.112948
0.100408
0.0952599
0.091903
0.077542
0.0745163
0.0630155
0.0630155
0.0512286
0.0658003
0.073026
0.0672154
0.0760216
0.0790775
0.080628
0.0821935
0.116666
0.122356
0.132141
0.10929
0.103916
0.116666
0.10929
0.0969609
0.0952599
0.105692
0.107483
0.105692
0.098677
0.080628
0.0760216
0.0886063
0.0672154
0.0563167
0.0658003
0.058951
0.058951
0.0630155
0.0672154
0.0672154
0.058951
0.0524781
0.0602908
0.0602908
0.0686454
0.0700906
0.0616456
0.0616456
0.0715507
0.0512286
0.0363559
0.0257583
0.0294012
0.0266464
0.0429041
0.0417751
0.0363559
0.0342936
0.0240271
0.0342936
0.0429041
0.0384784
0.0440482
0.0406611
0.0353172
0.0322914
0.0452073
0.0487749
0.0487749
0.0452073
0.0487749
0.058951
0.0524781
0.0630155
0.0686454
0.0853698
0.0935739
0.0715507
0.0616456
0.0672154
0.0790775
0.0658003
0.0700906
0.0869805
0.091903
0.0902471
0.0935739
0.100408
0.0969609
0.105692
0.10929
0.130154
0.118547
0.118547
0.112948
0.111111
0.091903
0.0821935
0.0715507
0.0837741
0.100408
0.102154
0.100408
0.098677
0.0935739
0.098677
0.105692
0.102154
0.107483
0.118547
0.124283
0.126225
0.128182
0.130154
0.140239
0.142302
0.134143
0.107483
0.0760216
0.0821935
0.098677
0.103916
0.130154
0.138192
0.126225
0.126225
0.140239
0.132141
0.122356
0.118547
0.132141
0.120444
0.111111
0.107483
0.105692
0.0853698
0.091903
0.10929
0.111111
0.116666
0.118547
0.130154
0.116666
0.122356
0.132141
0.124283
0.114799
0.105692
0.100408
0.0935739
0.0869805
0.077542
0.0837741
0.0715507
0.0576263
0.0658003
0.0630155
0.0499943
0.0524781
0.0524781
0.0487749
0.0452073
0.0463814
0.0452073
0.0537426
0.0563167
0.0550221
0.0512286
0.0363559
0.0342936
0.0374096
0.0576263
0.0537426
0.0550221
0.0417751
0.0475707
0.0417751
0.0363559
0.0322914
0.0487749
0.0537426
0.0602908
0.058951
0.058951
0.0672154
0.077542
0.080628
0.0886063
0.0886063
0.0672154
0.073026
0.0745163
0.0576263
0.0576263
0.058951
0.0686454
0.0616456
0.0602908
0.0672154
0.0686454
0.0715507
0.0715507
0.0700906
0.0644004
0.0616456
0.0487749
0.0440482
0.031313
0.0231841
0.0223562
0.019195
0.0231841
0.019195
0.0169821
0.0162746
0.0215433
0.0207455
0.0105844
0.0031631
0.00655012
0.00347922
0.00569207
0.00415662
0.00381039
0.00180829
0.0031631
0.00137174
0.00180829
0.00180829
0.00381039
0.00286203
0.00257601
0.00347922
0.00230505
0.00347922
0.00257601
0.0031631
0.0045179
0.00257601
9.22021e-05
0.00117605
0.00230505
0.00117605
0.000318003
0.000829819
0.00137174
0.000995407
4.70419e-05
0.000152416
0.00230505
0.0045179
0.00347922
0.00347922
0.00381039
0.00569207
0.00655012
0.00795008
0.0111565
0.0177047
0.0177047
0.0184423
0.0129629
0.0149048
0.0215433
0.031313
0.031313
0.0266464
0.033285
0.033285
0.0417751
0.0499943
0.0440482
0.0374096
0.0284679
0.0363559
0.0342936
0.0417751
0.0429041
0.0475707
0.0499943
0.0602908
0.0524781
0.0384784
0.0417751
0.033285
0.0417751
0.0374096
0.0374096
0.0537426
0.0475707
0.0475707
0.0463814
0.0417751
0.0342936
0.0395622
0.0429041
0.0406611
0.058951
0.0524781
0.0576263
0.0700906
0.0658003
0.0630155
0.0550221
0.0512286
0.0563167
0.0463814
0.0429041
0.0475707
0.0417751
0.0406611
0.0406611
0.0487749
0.0524781
0.0869805
0.0700906
0.077542
0.0644004
0.0700906
0.0745163
0.0853698
0.0869805
0.100408
0.0902471
0.0969609
0.100408
0.102154
0.091903
0.0886063
0.0837741
0.0952599
0.0935739
0.0886063
0.105692
0.112948
0.100408
0.114799
0.122356
0.098677
0.0869805
0.0902471
0.105692
0.0969609
0.098677
0.098677
0.128182
0.142302
0.128182
0.128182
0.114799
0.126225
0.126225
0.138192
0.130154
0.128182
0.138192
0.138192
0.114799
0.105692
0.111111
0.105692
0.0969609
0.091903
0.0886063
0.098677
0.0837741
0.0745163
0.080628
0.105692
0.114799
0.134143
0.116666
0.134143
0.163753
0.191481
0.165981
0.189088
0.177346
0.179664
0.184346
0.179664
0.157159
0.159342
0.159342
0.148579
0.152839
0.157159
0.177346
0.181998
0.19389
0.211171
0.2137
0.221377
0.226571
0.239818
0.247947
0.231824
0.242512
0.239818
0.239818
0.211171
0.218803
0.223967
0.206158
0.181998
0.172755
0.159342
0.157159
0.157159
0.179664
0.181998
0.165981
0.179664
0.181998
0.196313
0.218803
0.181998
0.170482
0.172755
0.163753
0.140239
0.146472
0.128182
0.144379
0.150702
0.159342
0.179664
0.208657
0.211171
0.226571
0.206158
0.216244
0.206158
0.198752
0.2137
0.186709
0.19389
0.2137
0.237138
0.253441
0.256211
0.250686
0.256211
0.247947
0.239818
0.223967
0.218803
0.22919
0.242512
0.22919
0.245222
0.264611
0.231824
0.221377
0.206158
0.191481
0.216244
0.2137
0.211171
0.191481
0.2137
0.250686
0.284737
0.276021
0.261796
0.256211
0.258996
0.247947
0.261796
0.293589
0.278912
0.281817
0.299565
0.324072
0.352794
0.343084
0.302575
0.293589
0.293589
0.281817
0.290623
0.278912
0.293589
0.311698
0.308642
0.317855
0.305601
0.296569
0.293589
0.314769
0.314769
0.299565
0.320956
0.33351
0.35606
0.35606
0.362639
0.389554
0.372619
0.379348
0.35606
0.36595
0.346306
0.343084
0.339878
0.267441
0.281817
0.320956
0.339878
0.343084
0.346306
0.317855
0.284737
0.281817
0.270286
0.267441
0.218803
0.2137
0.216244
0.218803
0.208657
0.196313
0.196313
0.211171
0.208657
0.201206
0.203675
0.216244
0.181998
0.181998
0.206158
0.223967
0.231824
0.198752
0.189088
0.189088
0.191481
0.177346
0.148579
0.168224
0.165981
0.150702
0.170482
0.181998
0.203675
0.239818
0.242512
0.256211
0.253441
0.270286
0.276021
0.261796
0.264611
0.314769
0.290623
0.296569
0.287673
0.270286
0.278912
0.273146
0.296569
0.296569
0.293589
0.290623
0.324072
0.314769
0.299565
0.299565
0.320956
0.308642
0.343084
0.346306
0.379348
0.369277
0.339878
0.305601
0.270286
0.276021
0.256211
0.296569
0.320956
0.346306
0.352794
0.424553
0.438974
0.438974
0.479875
0.464791
0.491345
0.518637
0.518637
0.534564
0.546667
0.579603
0.558905
0.530559
0.52657
0.55481
0.571279
0.596433
0.579603
0.558905
0.52657
0.567139
0.575434
0.626465
0.613504
0.596433
0.596433
0.613504
0.622129
0.609213
0.679663
0.707076
0.739742
0.716334
0.716334
0.730333
0.744468
0.73503
0.725652
0.697878
0.711697
0.702469
0.639561
0.617809
0.604938
0.639561
0.657234
0.666161
0.666161
0.666161
0.666161
0.622129
0.670646
0.702469
0.716334
0.758739
0.792564
0.812224
0.827127
0.862427
0.877781
0.919389
0.903673
0.888093
0.88293
0.908897
0.872648
0.862427
0.837137
0.852266
0.832124
0.842165
0.837137
0.827127
0.837137
0.857339
0.872648
0.857339
0.86753
0.862427
0.817176
0.812224
0.837137
0.862427
0.832124
0.862427
0.877781
0.872648
0.872648
0.872648
0.857339
0.852266
0.88293
0.898465
0.903673
0.908897
0.877781
0.898465
0.877781
0.88293
0.903673
0.929941
0.893271
0.88293
0.888093
0.908897
0.903673
0.893271
0.903673
0.898465
0.898465
0.88293
0.872648
0.872648
0.847208
0.817176
0.797456
0.797456
0.822144
0.832124
0.817176
0.792564
0.822144
0.807286
0.827127
0.837137
0.837137
0.822144
0.862427
0.797456
0.768328
0.773145
0.74921
0.73503
0.758739
0.817176
0.832124
0.842165
0.832124
0.847208
0.812224
0.847208
0.852266
0.86753
0.847208
0.842165
0.807286
0.817176
0.827127
0.837137
0.827127
0.807286
0.812224
0.832124
0.847208
0.842165
0.857339
0.872648
0.872648
0.86753
0.847208
0.86753
0.888093
0.862427
0.847208
0.842165
0.857339
0.852266
0.862427
0.888093
0.86753
0.832124
0.817176
0.807286
0.792564
0.787687
0.773145
0.802364
0.797456
0.822144
0.832124
0.797456
0.753967
0.763526
0.753967
0.777977
0.773145
0.758739
0.768328
0.74921
0.730333
0.763526
0.74921
0.773145
0.782824
0.812224
0.817176
0.847208
0.832124
0.807286
0.827127
0.822144
0.802364
0.773145
0.782824
0.782824
0.807286
0.763526
0.768328
0.777977
0.73503
0.730333
0.711697
0.758739
0.782824
0.792564
0.817176
0.812224
0.812224
0.812224
0.822144
0.797456
0.773145
0.773145
0.777977
0.782824
0.797456
0.792564
0.773145
0.777977
0.773145
0.782824
0.773145
0.753967
0.777977
0.777977
0.768328
0.74921
0.74921
0.707076
0.739742
0.730333
0.711697
0.720985
0.716334
0.702469
0.725652
0.758739
0.768328
0.753967
0.730333
0.716334
0.739742
0.744468
0.753967
0.763526
0.797456
0.792564
0.802364
0.812224
0.802364
