0.00257601
0.000679285
0.00204915
0.00844685
0.00180829
0.000423377
0.000152416
0.00137174
0.00230505
0.00528563
0.00611357
0.000318003
0.00700172
0.0045179
0.00204915
0.000318003
0.000227683
1.69351e-05
0.000543804
0.000423377
0.00204915
0.000318003
0.000995407
0.00158249
0.000543804
0.000829819
0.000152416
0.0105844
0.00655012
0.0142424
0.0162746
0.019195
0.0199627
0.0342936
0.0207455
0.0353172
0.033285
0.0395622
0.0524781
0.0463814
0.0406611
0.0384784
0.0658003
0.058951
0.0475707
0.0429041
0.0463814
0.0440482
0.0199627
0.0240271
0.0266464
0.0207455
0.0177047
0.0184423
0.00795008
0.00611357
0.0111565
0.00844685
0.00895866
0.00844685
0.00137174
0.00117605
0.00611357
0.000679285
0.000829819
9.22021e-05
0.000543804
0.00137174
0.000227683
1.69351e-05
1.69351e-05
0.000829819
0.000995407
0.000829819
0.000152416
4.70419e-05
0.000227683
0.00204915
0.00230505
0.000227683
0.000423377
0.000543804
1.88168e-06
0.00286203
0.00257601
0.00381039
0.0045179
0.00415662
0.000227683
0.0031631
0.00381039
0.00381039
0.0031631
0.000423377
0.000227683
0.000543804
0.0031631
9.22021e-05
0.000679285
0.00117605
9.22021e-05
0.000995407
0.00137174
0.00204915
0.000995407
4.70419e-05
0.0031631
0.00528563
0.000829819
0.00117605
0.00117605
0.00257601
0.0045179
0.00844685
0.00948553
0.00158249
4.70419e-05
0.000152416
0.000829819
0.00180829
1.88168e-06
0.00204915
0.00137174
1.69351e-05
1.69351e-05
0.00137174
0.00117605
0.000995407
0.000318003
0.000318003
0.000227683
0.00137174
0.000995407
0.0045179
0.00528563
0.000829819
0.000227683
0.00381039
0.00415662
0.00489424
0.00746837
0.00611357
0.00230505
0.0031631
0.0031631
0.00117605
1.69351e-05
1.69351e-05
0.000152416
9.22021e-05
0.000227683
0.00230505
4.70419e-05
0.000227683
0.00137174
0.000423377
0.000318003
0.00795008
0.0117435
0.0266464
0.0215433
0.0374096
0.0374096
0.0353172
0.033285
0.0294012
0.0275496
0.0231841
0.0524781
0.0512286
0.033285
0.0284679
0.0199627
0.0294012
0.0135951
0.0129629
0.019195
0.0177047
0.00948553
0.00746837
0.00286203
0.00700172
0.0257583
0.0429041
0.0524781
0.0487749
0.0644004
0.0715507
0.0821935
0.073026
0.077542
0.073026
0.0837741
0.116666
0.13616
0.114799
0.124283
0.130154
0.138192
0.0969609
0.107483
0.0837741
0.102154
0.0935739
0.0644004
0.0715507
0.080628
0.0602908
0.0853698
0.0853698
0.0790775
0.0886063
0.0790775
0.0886063
0.0821935
0.0550221
0.0550221
0.0602908
0.0512286
0.0353172
0.0294012
0.0266464
0.0257583
0.0123457
0.0129629
0.0123457
0.0111565
0.00895866
0.00746837
0.00895866
0.00569207
0.00948553
0.00844685
0.0117435
0.00117605
0.0031631
0.00204915
0.00611357
0.0117435
0.0135951
0.0215433
0.0199627
0.0199627
0.0240271
0.0512286
0.0644004
0.0686454
0.0790775
0.0475707
0.0440482
0.0487749
0.0602908
0.0463814
0.0616456
0.0512286
0.0395622
0.0284679
0.0257583
0.0135951
0.0162746
0.0275496
0.0169821
0.0105844
0.0105844
0.00611357
0.00844685
0.0177047
0.0155822
0.00528563
0.00948553
0.00528563
0.00347922
0.000679285
0.000543804
0.000227683
0.00204915
0.00257601
0.00230505
0.00347922
0.00700172
0.00746837
0.0129629
0.0177047
0.00895866
0.0142424
0.00844685
0.0135951
0.0177047
0.0231841
0.0162746
0.0169821
0.0117435
0.0184423
0.0155822
0.0199627
0.0215433
0.0169821
0.0240271
0.0215433
0.0199627
0.0184423
0.0123457
0.0111565
0.00117605
1.88168e-06
4.70419e-05
1.69351e-05
1.88168e-06
0.000543804
0.00137174
0.000227683
4.70419e-05
0.00117605
0.000318003
9.22021e-05
0.000227683
9.22021e-05
4.70419e-05
0.000152416
0.000543804
0.00180829
0.000995407
0.00137174
0.00180829
4.70419e-05
0.000423377
0.00137174
0.00117605
0.000679285
0.000679285
4.70419e-05
0.00204915
0.00180829
0.000679285
0.00257601
0.00611357
0.00415662
0.00204915
0.00230505
0.00180829
0.000995407
0.00158249
0.000152416
0.000543804
0.00158249
0.00655012
0.0162746
0.0135951
0.0105844
0.0123457
0.00844685
0.00528563
0.00158249
0.00415662
0.0129629
0.0129629
0.0142424
0.00895866
0.00700172
0.00611357
0.00347922
0.00286203
0.00158249
0.000829819
0.00257601
0.00230505
0.00204915
0.000227683
0.00286203
0.00180829
0.0045179
0.000679285
0.000995407
0.00180829
0.00137174
1.88168e-06
0.000227683
1.69351e-05
0.000152416
0.00655012
0.0100275
0.0162746
0.0207455
0.0129629
0.00700172
0.0129629
0.0100275
0.000423377
0.000152416
0.000227683
0.000995407
4.70419e-05
1.69351e-05
0.00204915
9.22021e-05
0.000543804
0.00286203
9.22021e-05
9.22021e-05
0.000829819
0.000227683
0.000152416
0.000543804
0.00158249
0.000679285
0.00489424
0.0117435
0.0111565
0.0169821
0.0129629
0.0105844
0.0155822
0.0199627
0.0162746
0.019195
0.0231841
0.033285
0.033285
0.0363559
0.0384784
0.0499943
0.0686454
0.0429041
0.0395622
0.0512286
0.0576263
0.0487749
0.0440482
0.0303496
0.0184423
0.0215433
0.0353172
0.0821935
0.0837741
0.0715507
0.0886063
0.0700906
0.0524781
0.0524781
0.0550221
0.0384784
0.0487749
0.0322914
0.0266464
0.0499943
0.0512286
0.0512286
0.0475707
0.0576263
0.0417751
0.0322914
0.0215433
0.0223562
0.0169821
0.00700172
0.00569207
0.000995407
0.00489424
0.000679285
0.00381039
0.00230505
0.0045179
0.00489424
0.00204915
0.000829819
0.000679285
0.00180829
0.000227683
0.00257601
0.0031631
0.00137174
0.000829819
0.000318003
0.000829819
0.000318003
1.69351e-05
0.000679285
0.000829819
0.00257601
0.00204915
0.00230505
0.00204915
1.69351e-05
0.00158249
0.00347922
0.00844685
0.00795008
0.0223562
0.0177047
0.0149048
0.0162746
0.0257583
0.031313
0.0406611
0.0363559
0.0353172
0.033285
0.0215433
0.0240271
0.0257583
0.0266464
0.0303496
0.031313
0.0406611
0.0429041
0.0452073
0.0524781
0.0602908
0.0869805
0.0869805
0.0853698
0.0837741
0.100408
0.112948
0.122356
0.134143
0.144379
0.16154
0.175043
0.177346
0.186709
0.168224
0.177346
0.163753
0.103916
0.122356
0.102154
0.118547
0.102154
0.091903
0.077542
0.0790775
0.0935739
0.0821935
0.0760216
0.0969609
0.0760216
0.0821935
0.0616456
0.0616456
0.0686454
0.0700906
0.0686454
0.073026
0.112948
0.134143
0.0952599
0.0760216
0.0715507
0.0760216
0.0952599
0.112948
0.105692
0.114799
0.0869805
0.073026
0.0537426
0.019195
0.0275496
0.0576263
0.0512286
0.0512286
0.0374096
0.0275496
0.0215433
0.0199627
0.031313
0.0184423
0.0135951
0.00415662
0.00569207
0.000318003
0.000318003
1.69351e-05
0.000995407
0.00180829
0.0031631
0.000995407
0.000995407
0.000227683
0.00137174
0.00117605
0.00257601
0.0031631
0.00528563
0.0129629
0.0117435
0.00528563
0.000543804
0.00204915
0.00844685
0.0149048
0.0111565
0.0142424
0.00746837
0.00844685
0.00746837
0.00489424
0.00117605
0.00795008
0.0105844
0.0129629
0.0129629
0.0135951
0.0117435
0.0149048
0.0045179
0.0045179
0.00204915
9.22021e-05
0.000829819
0.0031631
0.00655012
0.00655012
0.00569207
0.0169821
0.0257583
0.0169821
0.0177047
0.0129629
0.00795008
0.000679285
0.0031631
0.00569207
0.00700172
0.00795008
0.000679285
0.00655012
0.00655012
0.00347922
9.22021e-05
0.000423377
0.000829819
0.00611357
0.0184423
0.0177047
0.0240271
0.0177047
0.0184423
0.0169821
0.00795008
0.00415662
0.00347922
0.0105844
0.00158249
0.000829819
0.00286203
0.00180829
0.000679285
0.000423377
4.70419e-05
1.88168e-06
0.000152416
0.000543804
0.00230505
0.00158249
0.00137174
1.88168e-06
4.70419e-05
0.000227683
0.000543804
0.00257601
0.00230505
0.00569207
0.00746837
0.0105844
0.0142424
0.019195
0.0184423
0.0257583
0.0322914
0.0199627
0.0162746
0.0162746
0.0207455
0.0184423
0.0123457
0.0117435
0.0155822
0.0135951
0.0142424
0.00948553
0.00948553
0.00895866
0.0184423
0.0374096
0.0363559
0.0395622
0.0363559
0.0294012
0.0199627
0.0294012
0.0475707
0.0563167
0.0602908
0.0487749
0.058951
0.0537426
0.0630155
0.0853698
0.0745163
0.0630155
0.0630155
0.0395622
0.0266464
0.0417751
0.0524781
0.0353172
0.0563167
0.0550221
0.0686454
0.0537426
0.058951
0.0672154
0.0322914
0.033285
0.0207455
0.0129629
0.0162746
0.0162746
0.0111565
0.0162746
0.0117435
0.00795008
0.0162746
0.00795008
0.0184423
0.0284679
0.0322914
0.031313
0.0303496
0.0257583
0.0177047
0.00655012
0.0045179
0.0045179
0.00844685
0.0117435
0.00700172
0.00286203
0.00158249
0.000543804
0.000995407
1.88168e-06
0.000318003
0.000227683
1.88168e-06
0.000227683
0.000152416
0.00611357
0.0303496
0.033285
0.0384784
0.0475707
0.0384784
0.0231841
0.0240271
0.0248852
0.0257583
0.0223562
0.019195
0.0322914
0.0231841
0.00795008
0.00895866
0.00700172
0.0129629
0.0162746
0.0177047
0.0275496
0.0363559
0.0155822
0.0117435
0.00489424
0.00286203
0.00381039
0.00700172
0.0123457
0.0248852
0.0257583
0.0215433
0.0231841
0.0240271
0.0576263
0.0487749
0.0452073
0.0417751
0.0406611
0.0429041
0.033285
0.0248852
0.0231841
0.0199627
0.0169821
0.0111565
0.00700172
0.0162746
0.0284679
0.0231841
0.0322914
0.0257583
0.0440482
0.073026
0.0886063
0.077542
0.0700906
0.091903
0.10929
0.13616
0.0952599
0.116666
0.124283
0.13616
0.126225
0.128182
0.159342
0.150702
0.163753
0.13616
0.140239
0.157159
0.148579
0.146472
0.122356
0.13616
0.16154
0.144379
0.175043
0.211171
0.206158
0.198752
0.179664
0.170482
0.148579
0.154992
0.150702
0.148579
0.165981
0.152839
0.146472
0.126225
0.130154
0.116666
0.103916
0.0969609
0.0686454
0.0487749
0.0524781
0.0537426
0.0537426
0.0537426
0.031313
0.0353172
0.0384784
0.0487749
0.0602908
0.0417751
0.0199627
0.0248852
0.0215433
0.0275496
0.0475707
0.058951
0.0499943
0.0303496
0.0294012
0.0463814
0.0231841
0.0177047
0.0105844
0.0149048
0.0100275
0.0123457
0.00117605
4.70419e-05
0.000543804
0.00117605
0.00611357
0.0105844
0.0045179
0.00137174
1.88168e-06
0.000227683
0.000829819
0.000829819
0.000227683
0.000318003
0.00569207
0.00655012
0.00347922
0.00795008
0.00415662
0.00347922
0.00895866
0.00117605
0.000543804
0.00286203
0.00569207
0.00347922
0.00528563
0.00257601
0.00844685
0.0162746
0.0142424
0.00948553
0.0045179
0.00795008
0.0177047
0.0223562
0.031313
0.0199627
0.0248852
0.0231841
0.0275496
0.0215433
0.0129629
0.0105844
0.00611357
0.00746837
0.0100275
0.00948553
0.0169821
0.00948553
0.00489424
0.00611357
0.00528563
0.0045179
0.000679285
0.000318003
0.00795008
0.00569207
0.00257601
0.00117605
0.00257601
0.00158249
0.00569207
0.00230505
0.000995407
0.00117605
0.0031631
0.000543804
1.88168e-06
0.0045179
0.00230505
0.00137174
0.00257601
0.00180829
0.00204915
0.00180829
0.00180829
0.0117435
0.0142424
0.0045179
0.0123457
0.0117435
0.00528563
0.00415662
0.00569207
0.00844685
0.0162746
0.0123457
0.00611357
0.00746837
0.00795008
0.00230505
0.0031631
0.0045179
0.000829819
0.000679285
0.000543804
4.70419e-05
9.22021e-05
0.00137174
0.00489424
0.00611357
0.00158249
0.0031631
0.00347922
0.0149048
0.0223562
0.0342936
0.0303496
0.0129629
0.0215433
0.0266464
0.0149048
0.0248852
0.033285
0.0284679
0.019195
0.0322914
0.0475707
0.0602908
0.0452073
0.0499943
0.0475707
0.0342936
0.0463814
0.0616456
0.0512286
