0.0129629
0.0111565
0.019195
0.0257583
0.0240271
0.0177047
0.031313
0.0248852
0.0248852
0.0199627
0.0105844
0.0149048
0.0177047
0.0184423
0.0123457
0.0100275
0.0123457
0.0149048
0.0149048
0.0248852
0.031313
0.0384784
0.0395622
0.0342936
0.0353172
0.0303496
0.0303496
0.0162746
0.0223562
0.0284679
0.0303496
0.0215433
0.0240271
0.0215433
0.0177047
0.0184423
0.0231841
0.0142424
0.00844685
0.0100275
0.0031631
0.00746837
0.00795008
0.00948553
0.0117435
0.0123457
0.0149048
0.0117435
0.0149048
0.019195
0.0155822
0.0142424
0.0149048
0.0135951
0.0169821
0.019195
0.0155822
0.0207455
0.0275496
0.0322914
0.0363559
0.0294012
0.0384784
0.0322914
0.0275496
0.0294012
0.0406611
0.0452073
0.0374096
0.0487749
0.0429041
0.0384784
0.0303496
0.0353172
0.031313
0.0231841
0.0231841
0.0215433
0.0257583
0.0275496
0.0294012
0.031313
0.0384784
0.0487749
0.0463814
0.0463814
0.058951
0.0672154
0.0550221
0.0463814
0.0487749
0.0406611
0.0342936
0.0384784
0.0207455
0.0199627
0.0155822
0.0215433
0.0199627
0.0223562
0.0284679
0.0149048
0.0231841
0.0215433
0.0231841
0.0231841
0.0322914
0.0384784
0.0406611
0.0452073
0.033285
0.0284679
0.0266464
0.0155822
0.0177047
0.0184423
0.0162746
0.0177047
0.0215433
0.0199627
0.0248852
0.019195
0.0177047
0.0162746
0.0231841
0.0353172
0.0284679
0.0294012
0.0207455
0.031313
0.0374096
0.0417751
0.0417751
0.0342936
0.033285
0.0322914
0.031313
0.0257583
0.0257583
0.0240271
0.0207455
0.0303496
0.033285
0.0231841
0.0184423
0.0162746
0.0303496
0.0353172
0.0353172
0.0353172
0.0395622
0.0257583
0.0257583
0.0223562
0.0149048
0.0207455
0.0199627
0.0169821
0.0105844
0.0207455
0.0215433
0.0199627
0.0117435
0.0184423
0.0303496
0.0275496
0.0294012
0.0294012
0.0223562
0.0199627
0.0105844
0.00844685
0.00795008
0.00180829
0.00381039
0.000423377
0.000543804
0.000423377
0.00137174
0.000543804
0.000829819
0.000423377
0.000995407
0.00257601
0.00286203
0.00230505
0.00117605
0.00180829
0.000829819
0.00204915
0.00180829
0.000679285
1.69351e-05
0.00137174
0.0045179
0.00528563
0.00795008
0.00347922
0.00415662
0.00569207
0.0129629
0.0162746
0.0155822
0.0123457
0.019195
0.0322914
0.0294012
0.0303496
0.0284679
0.0342936
0.0294012
0.0406611
0.0440482
0.0284679
0.0303496
0.0294012
0.0342936
0.0487749
0.0700906
0.0790775
0.0745163
0.0902471
0.0869805
0.0837741
0.0745163
0.0853698
0.0745163
0.0715507
0.0563167
0.0452073
0.0406611
0.0284679
0.0257583
0.0240271
0.0199627
0.0248852
0.0353172
0.0284679
0.031313
0.019195
0.0129629
0.00528563
0.00257601
0.00611357
0.00569207
0.00569207
0.00180829
0.00347922
0.00381039
0.000318003
0.000679285
1.88168e-06
0.00158249
0.00117605
0.000679285
0.000227683
4.70419e-05
0.000679285
0.000995407
0.00746837
0.00381039
0.00381039
0.00948553
0.00844685
0.00795008
0.0031631
0.00347922
0.00381039
0.0031631
0.00180829
0.00347922
0.00230505
0.00158249
0.00117605
0.000318003
9.22021e-05
0.00137174
0.00204915
0.00158249
0.00230505
0.00746837
0.00746837
0.00795008
0.0155822
0.0142424
0.0149048
0.0142424
0.00844685
0.00895866
0.00700172
0.00700172
0.0045179
0.00655012
0.00158249
0.00117605
0.00204915
0.00158249
0.00489424
0.00381039
0.00415662
0.00655012
0.00655012
0.0105844
0.0155822
0.00286203
0.00489424
0.0100275
0.00569207
0.0123457
0.0117435
0.0184423
0.019195
0.0240271
0.0406611
0.0363559
0.031313
0.0322914
0.0284679
0.0294012
0.0294012
0.0322914
0.0303496
0.0374096
0.0374096
0.0363559
0.033285
0.0353172
0.0284679
0.0284679
0.0384784
0.0417751
0.0429041
0.0463814
0.0524781
0.0563167
0.0384784
0.0248852
0.0248852
0.0169821
0.0177047
0.0155822
0.0155822
0.0184423
0.0240271
0.0231841
0.0240271
0.031313
0.0353172
0.0440482
0.0417751
0.0322914
0.0475707
0.0384784
0.031313
0.0322914
0.0240271
0.0135951
0.0142424
0.0105844
0.0142424
0.0169821
0.019195
0.0248852
0.0257583
0.0207455
0.0275496
0.0452073
0.0499943
0.0602908
0.0790775
0.0524781
0.058951
0.0463814
0.0475707
0.0550221
0.0499943
0.0563167
0.0745163
0.0700906
0.0630155
0.0886063
0.0952599
0.114799
0.10929
0.100408
0.091903
0.080628
0.10929
0.114799
0.111111
0.0952599
0.0969609
0.0935739
0.0821935
0.0969609
0.0952599
0.0952599
0.0935739
0.0821935
0.0745163
0.0672154
0.091903
0.0935739
0.077542
0.0686454
0.0630155
0.0672154
0.080628
0.0853698
0.073026
0.0837741
0.0869805
0.0700906
0.0576263
0.0429041
0.0406611
0.0363559
0.0363559
0.0576263
0.058951
0.0658003
0.0576263
0.0576263
0.0630155
0.0821935
0.0672154
0.0563167
0.0452073
0.0395622
0.0440482
0.0630155
0.0524781
0.0395622
0.0294012
0.0417751
0.0550221
0.058951
0.0745163
0.098677
0.102154
0.0969609
0.0715507
0.102154
0.0952599
0.105692
0.140239
0.114799
0.13616
0.140239
0.144379
0.146472
0.165981
0.159342
0.163753
0.175043
0.179664
0.226571
0.239818
0.221377
0.196313
0.221377
0.234474
0.208657
0.206158
0.198752
0.221377
0.267441
0.305601
0.317855
0.33351
0.305601
0.287673
0.299565
0.278912
0.258996
0.226571
0.216244
0.198752
0.198752
0.216244
0.223967
0.223967
0.2137
0.253441
0.264611
0.258996
0.261796
0.290623
0.276021
0.281817
0.296569
0.267441
0.284737
0.284737
0.287673
0.293589
0.296569
0.317855
0.33351
0.346306
0.349542
0.352794
0.352794
0.33351
0.324072
0.314769
0.311698
0.308642
0.296569
0.317855
0.296569
0.311698
0.296569
0.305601
0.284737
0.264611
0.281817
0.250686
0.293589
0.290623
0.324072
0.330349
0.296569
0.293589
0.284737
0.278912
0.305601
0.314769
0.327203
0.330349
0.362639
0.369277
0.320956
0.339878
0.346306
0.290623
0.261796
0.247947
0.261796
0.261796
0.281817
0.237138
0.22919
0.245222
0.223967
0.2137
0.250686
0.284737
0.270286
0.250686
0.247947
0.22919
0.237138
0.239818
0.22919
0.231824
0.231824
0.221377
0.234474
0.245222
0.261796
0.299565
0.314769
0.308642
0.299565
0.281817
0.264611
0.270286
0.264611
0.242512
0.245222
0.256211
0.231824
0.234474
0.242512
0.223967
0.226571
0.237138
0.234474
0.226571
0.247947
0.234474
0.234474
0.278912
0.302575
0.296569
0.276021
0.281817
0.258996
0.270286
0.281817
0.267441
0.270286
0.258996
0.2137
0.234474
0.253441
0.273146
0.234474
0.208657
0.223967
0.223967
0.267441
0.281817
0.308642
0.311698
0.327203
0.330349
0.330349
0.327203
0.324072
0.330349
0.311698
0.258996
0.281817
0.239818
0.221377
0.250686
0.22919
0.267441
0.264611
0.293589
0.311698
0.308642
0.308642
0.284737
0.281817
0.299565
0.284737
0.281817
0.305601
0.308642
0.311698
0.290623
0.264611
0.258996
0.273146
0.299565
0.314769
0.299565
0.311698
0.308642
0.317855
0.296569
0.296569
0.290623
0.290623
0.305601
0.273146
0.247947
0.250686
0.261796
0.258996
0.258996
0.264611
0.320956
0.339878
0.317855
0.324072
0.314769
0.314769
0.330349
0.311698
0.330349
0.349542
0.35606
0.36595
0.36595
0.352794
0.324072
0.308642
0.314769
0.302575
0.284737
0.302575
0.284737
0.278912
0.287673
0.287673
0.278912
0.284737
0.290623
0.287673
0.320956
0.33351
0.311698
0.327203
0.35606
0.339878
0.336686
0.330349
0.336686
0.308642
0.293589
0.311698
0.311698
0.33351
0.36595
0.389554
0.379348
0.392986
0.410373
0.417433
0.431734
0.453636
0.491345
0.502951
0.483683
0.45734
0.420986
0.417433
0.417433
0.446275
0.420986
0.449948
0.461058
0.464791
0.483683
0.424553
0.389554
0.420986
0.438974
0.428136
0.389554
0.413895
0.431734
0.406866
0.406866
0.431734
0.410373
0.428136
0.424553
0.479875
0.483683
0.45734
0.491345
0.442617
0.468539
0.464791
0.45734
0.453636
0.45734
0.449948
0.464791
0.453636
0.472303
0.499068
0.491345
0.435347
0.420986
0.45734
0.502951
0.510764
0.491345
0.502951
0.546667
0.538583
0.550731
0.567139
0.583788
0.563015
0.550731
0.55481
0.534564
0.514693
0.534564
0.542617
0.534564
0.50685
0.491345
0.502951
0.52657
0.538583
0.546667
0.550731
0.592203
0.558905
0.52657
0.558905
0.550731
0.563015
0.571279
0.518637
0.45734
0.468539
0.491345
0.502951
0.499068
0.546667
0.514693
0.563015
0.55481
0.558905
0.534564
0.538583
0.567139
0.592203
0.596433
0.550731
0.518637
0.575434
0.609213
0.596433
0.604938
0.583788
0.579603
0.558905
0.558905
0.530559
0.50685
0.502951
0.461058
0.483683
0.495199
0.487507
0.518637
0.534564
0.579603
0.579603
0.558905
0.522596
0.479875
0.479875
0.461058
0.464791
0.495199
0.461058
0.464791
0.449948
0.420986
0.442617
0.403373
0.446275
0.446275
0.483683
0.495199
0.52657
0.571279
0.592203
0.567139
0.587988
0.617809
0.635181
0.635181
0.613504
0.635181
0.635181
0.635181
0.630815
0.596433
0.596433
0.635181
0.643957
0.679663
0.693302
0.702469
0.666161
0.711697
0.711697
0.684194
0.730333
0.739742
0.725652
0.739742
0.711697
0.797456
0.807286
0.807286
0.812224
0.763526
0.807286
0.777977
0.763526
0.817176
0.817176
0.807286
0.777977
0.773145
0.725652
0.74921
0.688741
0.613504
0.604938
0.596433
0.639561
0.643957
0.652793
0.648367
0.666161
0.600678
0.626465
0.630815
0.604938
0.635181
0.688741
0.711697
0.670646
0.617809
0.630815
0.675147
0.716334
0.666161
0.66169
0.652793
0.697878
0.711697
0.702469
0.720985
0.697878
0.688741
0.684194
0.670646
0.679663
0.666161
0.639561
0.604938
0.596433
0.630815
0.626465
0.617809
0.657234
0.635181
0.575434
0.567139
0.567139
0.583788
0.567139
0.579603
0.592203
0.604938
0.622129
0.626465
0.613504
0.635181
0.639561
0.652793
0.675147
0.666161
0.639561
0.643957
0.622129
0.639561
0.666161
0.675147
0.666161
0.670646
0.684194
0.670646
0.639561
0.693302
0.716334
0.768328
0.797456
0.792564
0.777977
0.730333
0.744468
0.744468
0.768328
0.74921
0.73503
0.753967
0.802364
0.807286
0.812224
0.812224
0.797456
0.787687
0.787687
0.74921
0.744468
0.702469
0.657234
0.609213
0.639561
0.66169
0.657234
0.630815
0.648367
0.684194
0.697878
0.707076
0.707076
0.753967
0.744468
0.753967
0.730333
0.697878
0.684194
0.693302
0.707076
0.716334
0.739742
0.74921
0.697878
0.725652
0.716334
0.720985
0.702469
0.670646
